0.036623 0.000944 0.007965
-0.002991 -0.006071 0.009136
0.021801 0.008507 -0.017910
0.017923 -0.027458 0.050322
-0.046296 0.025116 0.083540
0.007884 -0.015192 0.001294
0.001727 0.000357 0.073259
-0.047862 0.013783 0.021977
-0.026087 0.031555 0.019411
-0.004554 0.003661 0.042141
-0.021592 -0.009494 -0.038957
-0.021014 0.042289 -0.065568
-0.043015 0.000501 -0.024621
-0.020648 -0.002062 -0.050090
-0.011185 0.005498 -0.028002
0.008174 0.017255 0.033667
-0.032426 0.014411 -0.044116
0.009361 -0.003680 0.029766
0.025981 0.019044 -0.017750
-0.007520 0.017133 0.017514
0.019356 0.039872 0.048331
0.034515 -0.001961 0.036867
-0.017668 0.038233 -0.030561
0.012092 0.023704 0.012005
-0.039849 0.004070 -0.032776
-0.020613 0.005297 -0.048808
-0.063500 -0.008305 -0.016869
-0.034749 0.036318 0.003095
-0.050684 -0.008957 -0.036963
0.045902 0.050324 0.021501
0.007878 0.064829 -0.037169
0.027627 0.027659 0.010414
-0.055682 0.007727 0.037192
0.006341 -0.010952 0.015224
-0.052096 -0.010660 0.085234
0.000184 0.024740 -0.010123
0.028201 0.024764 0.014511
0.024310 0.015170 0.050063
0.012482 -0.020680 0.041314
-0.003150 0.040703 0.061992
0.003936 -0.012628 -0.015404
0.011812 -0.002980 -0.019048
0.033216 -0.003161 -0.020368
0.022287 -0.011939 -0.007635
0.014662 0.019265 0.072173
0.006926 -0.011596 -0.014784
0.030965 0.027097 0.002223
0.012146 0.027294 0.028388
0.014809 -0.011827 0.015853
0.016653 0.026799 0.033338
-0.005310 0.024186 0.006156
0.024898 -0.039054 -0.027842
-0.041103 -0.050575 0.004785
-0.021064 0.024344 -0.019328
-0.028217 -0.031500 0.009470
0.026155 -0.032974 -0.041120
-0.071546 -0.007268 -0.026507
-0.025374 -0.020984 0.011649
0.049187 -0.004294 -0.014153
-0.023888 -0.038404 0.004108
0.002836 -0.025239 0.053052
0.034168 -0.010488 0.028215
0.035829 0.002333 -0.001712
-0.003942 -0.015201 -0.006950
0.000672 -0.026346 0.017761
0.008811 -0.000350 0.003098
-0.038197 0.015303 0.029155
-0.055707 0.019629 -0.073703
0.012209 -0.018826 -0.010959
0.039548 -0.001486 -0.116265
0.007380 -0.017721 0.024101
0.037677 -0.017368 0.011043
0.010096 0.018402 0.014611
-0.022695 -0.036480 -0.029063
-0.009749 -0.005587 -0.022233
0.001884 0.032280 -0.062993
-0.017304 0.028028 -0.094402
-0.003929 -0.041704 -0.029586
-0.021208 -0.024211 0.008886
0.008416 -0.036798 0.035336
0.009375 -0.034685 -0.000400
0.009920 -0.027813 -0.012816
0.036242 -0.023690 -0.010170
0.022339 0.009248 0.032669
0.039676 -0.003240 0.001929
-0.003206 -0.027499 0.067774
-0.020048 0.046518 0.011478
0.009845 -0.012773 0.029791
-0.022509 -0.002505 0.021930
-0.021359 -0.035068 -0.027374
-0.037968 -0.003118 -0.037804
-0.034460 -0.023192 0.022834
-0.022737 -0.022810 0.001110
-0.005567 -0.036162 -0.064484
0.002157 -0.029706 0.056928
0.014338 -0.040126 0.001237
-0.015726 0.004909 -0.006388
-0.054587 -0.027570 0.009308
0.012982 -0.015746 0.028817
0.001728 0.064289 0.008912
-0.006303 -0.009808 -0.024154
0.039360 -0.021441 -0.019650
0.035828 0.000887 -0.007156
-0.004555 -0.029830 0.014166
-0.041162 0.003819 0.078678
-0.025416 -0.023985 0.046103
-0.033975 -0.023750 0.000523
-0.045211 -0.034814 0.057269
-0.040955 -0.034900 0.039858
0.016922 0.034961 -0.031211
0.033978 0.023899 0.005849
-0.021194 -0.007180 0.003464
-0.013233 0.000819 -0.052666
-0.005805 -0.030674 0.034377
0.008229 0.011018 -0.008520
0.028829 0.011507 0.028782
-0.010545 -0.054657 -0.032490
-0.000299 -0.030790 -0.024951
-0.042802 -0.016617 0.021426
-0.062929 -0.039342 0.017281
-0.031250 -0.009876 0.011527
-0.007224 0.008076 0.002298
0.004489 -0.026088 0.018208
-0.007715 -0.000787 -0.023715
-0.049094 -0.031865 0.042718
-0.034546 -0.059975 -0.037466
-0.036278 -0.032516 0.022624
-0.044721 -0.038272 -0.063191
0.049535 -0.032935 0.027261
0.029038 -0.013051 -0.012584
-0.056997 -0.045767 0.045152
-0.054801 -0.038220 0.054399
-0.040429 -0.014470 0.035976
-0.004351 -0.025948 0.021721
-0.024778 -0.045345 -0.027817
0.005171 -0.002308 -0.020581
-0.006207 -0.018262 0.010779
0.020818 -0.014496 0.028375
0.028853 -0.017758 0.016499
0.018505 -0.041862 0.002039
0.009047 0.022244 0.028820
-0.002207 -0.006050 -0.007421
0.012031 -0.006092 -0.003465
0.018749 -0.008564 -0.000413
0.011034 -0.016326 0.044730
0.006675 -0.026883 0.028972
-0.026160 -0.025820 0.034175
-0.034734 -0.038030 -0.041934
-0.003803 -0.023012 0.001301
-0.006615 -0.032972 -0.004995
-0.015082 -0.041950 -0.034893
-0.044269 -0.018749 -0.008182
-0.024309 -0.014109 -0.015748
0.022602 -0.009407 -0.017568
-0.037580 -0.037963 -0.075645
-0.056648 -0.043042 0.014747
-0.054032 -0.035171 0.015719
-0.035069 -0.035232 -0.030446
0.076924 0.017525 -0.054599
-0.054707 -0.032183 0.013380
0.004935 -0.028510 0.013281
0.007342 0.009457 -0.008358
0.003150 -0.032899 -0.012151
0.006349 0.063094 -0.048297
-0.027727 -0.027980 -0.020183
0.004388 0.009104 0.069258
0.020622 -0.006593 0.046175
-0.026655 -0.034460 0.010887
0.000536 -0.006678 0.017908
0.000960 -0.007671 -0.095907
-0.031258 -0.036211 0.021928
-0.049238 0.008411 0.017864
0.021839 -0.011664 0.035739
0.001154 0.006273 0.038496
-0.021214 -0.008644 0.004836
-0.005812 0.005473 -0.030821
0.031821 -0.013321 0.030281
-0.007230 -0.024524 -0.084992
0.065805 0.046632 -0.065943
-0.031466 0.019843 0.029982
-0.025690 -0.020790 0.012169
-0.021967 -0.008229 0.016070
0.070621 0.003924 0.019029
-0.013524 -0.019176 -0.071287
0.038864 -0.003197 0.030779
0.019359 0.025198 -0.075557
-0.003582 -0.020814 0.014901
-0.033060 -0.013721 0.041563
0.028771 -0.021705 0.038136
-0.048910 -0.023870 0.063238
-0.023007 -0.009587 0.053818
0.017648 -0.012089 -0.087610
0.017225 -0.035540 -0.009778
-0.063960 -0.021415 -0.014779
0.002289 -0.030499 0.008006
0.010717 0.009782 -0.051439
-0.014540 -0.015198 -0.038550
-0.024408 -0.048708 -0.044082
-0.000040 -0.033198 -0.095316
0.038409 0.057428 0.025457
0.019589 -0.025976 0.017208
0.031948 -0.027146 -0.009820
-0.001220 -0.023013 0.016476
0.004064 -0.022343 -0.019156
-0.067529 -0.032634 0.001906
0.018793 0.081125 -0.053548
-0.020442 -0.030589 0.019458
-0.043100 -0.030089 0.017703
-0.000074 -0.022623 -0.086741
0.028505 -0.024133 0.013984
-0.002477 -0.004015 -0.005942
-0.050277 -0.030834 -0.007559
-0.023171 -0.022070 0.023142
-0.008173 0.006572 -0.003734
-0.070878 -0.026237 0.056342
-0.000343 0.044140 0.032077
-0.008383 -0.039550 0.004691
-0.010923 -0.006978 0.015676
-0.011353 -0.023768 -0.006380
0.004263 -0.005258 -0.016132
0.019670 0.012204 -0.039064
0.041484 -0.044230 0.017673
-0.021262 -0.021906 0.080087
0.011628 -0.024246 0.080001
0.008842 -0.034630 -0.027792
-0.039396 0.028994 -0.001177
0.031093 -0.028445 0.011818
0.002727 -0.028538 -0.019605
-0.060057 -0.027301 0.047331
-0.010618 -0.031870 0.033032
-0.016843 -0.005000 0.018339
-0.010659 -0.036238 0.020489
-0.002234 -0.026845 0.016001
-0.013871 -0.032137 -0.032889
0.018868 -0.018378 0.053251
0.006401 0.028923 0.019134
0.012528 0.037683 0.030487
0.014317 -0.032405 0.021448
0.004783 -0.032462 -0.000644
-0.017055 -0.022645 -0.002273
-0.023299 -0.024106 0.024226
0.000727 -0.045736 -0.089140
-0.016961 -0.028440 -0.031225
0.025866 -0.018097 0.038372
-0.009856 -0.002673 0.031418
-0.036400 0.010571 0.033952
-0.024700 -0.028944 0.004232
-0.007304 -0.025586 -0.005104
-0.053125 0.018740 -0.009900
0.000606 0.035654 -0.017982
0.015541 -0.021038 0.042980
0.001269 -0.027627 -0.027070
-0.020897 -0.004014 -0.068070
0.009184 -0.028014 0.013704
-0.029745 -0.009776 -0.023359
-0.032270 -0.030217 -0.001420
-0.002443 -0.022801 0.009465
-0.006209 -0.025001 0.022869
0.002383 -0.023122 0.029974
0.022111 -0.024631 0.033461
0.010351 -0.019176 -0.012441
0.035235 -0.021572 -0.000880
-0.037843 -0.064424 -0.006629
-0.026578 -0.023054 -0.010547
0.004424 -0.036638 0.013322
0.008828 -0.039696 0.026920
-0.024929 0.010588 0.023953
0.008956 -0.040458 -0.023663
-0.002114 -0.010823 0.000745
0.006810 -0.037467 0.025698
0.000753 -0.022984 0.020431
-0.014177 -0.012448 -0.003959
-0.031963 -0.023360 0.026854
0.004589 -0.027411 -0.001197
-0.020224 0.069303 -0.033807
-0.067640 0.029914 -0.009966
0.000810 -0.014199 0.025111
-0.019096 0.008506 0.031380
-0.070274 0.014876 0.005681
0.004285 -0.006399 -0.016727
-0.011094 -0.019163 0.014406
-0.009810 -0.029449 0.014518
0.003332 -0.021647 -0.013144
-0.010083 -0.016401 -0.032196
-0.035321 -0.038381 -0.016660
0.028814 -0.029559 0.031263
0.023625 -0.007712 0.042285
0.017111 -0.014178 0.006459
0.044843 0.004007 -0.102588
0.001176 -0.018093 0.027254
-0.002205 -0.011508 0.027319
0.032030 0.006759 -0.000234
-0.003487 -0.021585 0.004978
-0.010443 -0.006752 0.004972
-0.009912 0.004050 -0.015273
-0.036197 -0.024478 -0.010486
0.004397 -0.032033 -0.005796
-0.018742 -0.021207 0.019167
-0.015887 -0.028476 -0.015521
-0.028962 0.004272 -0.015180
-0.014482 -0.023836 -0.006012
-0.049156 -0.070293 -0.030631
-0.005850 -0.035844 0.019757
-0.046628 0.007446 -0.007613
-0.017702 -0.020864 0.007270
-0.007088 -0.032225 0.022767
-0.032074 -0.011932 0.028224
0.022143 0.024134 -0.015219
0.039574 0.065800 -0.004493
-0.002347 0.002258 0.041470
-0.032769 -0.043930 -0.047612
-0.059065 -0.047204 0.016175
0.018511 -0.049552 0.023584
-0.006630 -0.039942 -0.032234
-0.025419 0.005110 -0.033485
-0.018423 0.016761 -0.015507
0.051880 0.003904 -0.032928
-0.002375 -0.038588 -0.030478
-0.020133 0.004375 -0.024644
-0.031170 -0.007005 0.023424
-0.035859 -0.021863 0.035395
-0.016530 0.001479 -0.005281
-0.051011 -0.056996 0.009302
-0.034348 -0.005463 0.021900
0.081359 0.008188 -0.117259
0.007835 -0.007152 -0.077243
-0.019214 -0.037459 0.033515
0.013866 0.040078 0.097909
-0.036246 0.002256 0.003895
0.006070 -0.005356 -0.060125
-0.015155 -0.012079 0.049093
0.023690 0.044569 -0.024336
-0.045288 -0.021894 0.047259
0.021607 0.013149 -0.025945
-0.033657 -0.026720 0.034481
0.032489 -0.048128 0.008738
-0.044489 -0.024701 0.034616
-0.029742 -0.008482 0.013754
-0.007313 -0.034643 0.038852
0.032393 -0.017589 0.045577
-0.006030 0.041888 0.057160
0.046347 0.019716 -0.018118
0.023511 0.013865 -0.009436
0.044223 0.036355 -0.072681
0.019196 -0.023769 0.020327
0.007687 -0.029917 -0.009212
0.057602 0.027032 -0.094047
-0.020070 -0.018219 0.065298
0.061862 0.027025 0.001421
-0.002591 0.014607 -0.022703
-0.019211 -0.045212 -0.034429
-0.030786 -0.008215 0.004738
-0.019393 0.010705 0.001066
0.025775 -0.030387 0.016161
-0.034520 -0.016540 -0.018696
-0.037567 -0.025548 -0.053406
0.040783 -0.015670 0.000226
0.017174 -0.028156 0.031986
0.023108 0.003417 -0.037135
0.031895 -0.007521 0.004240
-0.027714 -0.039436 -0.044074
-0.027375 -0.044460 -0.027035
-0.008902 0.056420 -0.007094
-0.040800 0.001276 -0.008813
-0.005512 -0.020212 -0.018790
-0.005745 -0.026145 0.033206
-0.005351 -0.044290 -0.009551
-0.010370 -0.050959 0.036592
0.012859 0.015252 0.063363
-0.040335 -0.030210 0.004783
0.024637 -0.009227 0.026200
0.001287 -0.001954 -0.036170
-0.027086 -0.002625 0.013844
-0.019867 -0.020423 0.043288
0.024036 -0.001373 0.041192
0.051038 0.035438 -0.035561
-0.019273 -0.040358 0.017012
-0.023002 -0.035506 -0.007325
-0.046455 -0.016514 -0.010000
-0.057284 -0.000794 0.025647
0.035598 -0.003109 0.004352
-0.030221 -0.029260 0.050252
-0.010237 -0.023199 0.079323
-0.012863 -0.041245 -0.002236
0.017059 -0.010219 0.010564
-0.035701 0.018474 -0.005699
-0.055111 0.001284 -0.029157
-0.017251 -0.024032 0.054820
0.010320 -0.049439 0.034376
0.035077 -0.026143 0.012544
0.032120 -0.011801 -0.012391
-0.008133 -0.015334 -0.064832
-0.015691 -0.046948 -0.020972
-0.003110 -0.051864 -0.031906
-0.017002 -0.023778 -0.072749
-0.023414 -0.042581 0.015557
0.020308 -0.008841 0.036226
-0.001495 0.020595 0.013335
-0.040531 -0.028510 -0.107043
0.019728 -0.035060 0.022946
0.018146 -0.007627 0.002593
0.003998 -0.030727 0.048010
0.026591 -0.026280 -0.035687
0.046694 -0.023481 0.004280
0.031490 0.013774 0.050890
0.006599 0.006322 -0.007865
-0.012754 -0.037360 0.039136
-0.001411 -0.037158 -0.002358
0.003753 -0.027097 0.005843
0.007533 0.030145 0.082966
-0.024878 0.005144 0.000855
0.033117 -0.008947 -0.020951
-0.003722 -0.027020 0.054795
-0.017918 0.042610 -0.053370
0.002173 -0.015307 -0.005260
-0.044120 0.046304 -0.020025
0.004602 -0.000495 -0.036453
-0.014995 0.030493 0.005256
-0.016317 0.013227 0.016140
0.035358 -0.004936 0.052020
-0.051218 -0.011439 -0.030120
-0.025751 0.031884 -0.039883
-0.005802 0.034164 -0.013155
-0.005333 0.010203 0.008205
-0.003727 0.018507 -0.003345
-0.070031 -0.017593 0.036561
0.007945 -0.007053 -0.009139
-0.004234 0.038264 0.004331
-0.024877 0.016889 -0.033209
-0.050670 0.022485 -0.022139
0.003140 0.024787 -0.045030
0.016318 0.004048 -0.053140
-0.006584 -0.044086 0.027176
0.019227 -0.007176 0.028223
0.029135 0.013881 0.007466
-0.001301 0.020204 0.000697
-0.007175 0.000407 0.006530
-0.020296 -0.016335 -0.011247
0.001868 -0.010002 -0.032597
0.051705 0.008902 -0.060007
-0.021405 0.011461 -0.034875
0.007176 0.010506 -0.035295
0.025277 -0.009143 -0.044341
-0.007616 -0.029399 -0.008845
-0.020433 -0.040217 -0.024018
-0.038269 0.035631 -0.002632
0.005177 -0.009490 0.024079
-0.038526 -0.020936 -0.028514
-0.018537 -0.023947 -0.011516
0.020769 0.003404 -0.012423
0.002238 -0.020610 -0.003590
0.007291 -0.026437 0.016601
-0.003731 0.054866 0.017395
0.054430 -0.018442 0.022436
0.008414 -0.033027 -0.032925
-0.029550 -0.032795 -0.037021
-0.000133 0.005809 0.007862
-0.027348 0.023710 0.004254
-0.016980 -0.052422 -0.048180
0.030736 0.000049 -0.022202
-0.004466 0.003398 -0.010519
-0.035450 -0.021498 0.004757
-0.008026 -0.013189 -0.037495
-0.016246 -0.024153 -0.038589
-0.031086 0.012405 -0.008170
-0.000968 -0.006561 -0.022485
0.008419 0.021578 -0.021087
-0.004758 -0.026624 0.004562
0.024479 -0.023966 -0.000806
0.016230 0.000357 0.018164
-0.008689 0.008741 -0.037564
-0.008486 -0.042715 -0.041662
0.034568 0.017095 -0.045156
-0.002241 -0.028589 -0.034315
0.012380 0.027803 -0.018376
-0.006311 -0.035642 -0.023326
0.031550 0.018148 -0.012268
0.001919 -0.010029 0.017116
-0.029365 -0.029759 -0.018312
0.011771 -0.007661 -0.045079
0.013696 -0.006569 -0.026428
-0.022090 -0.015436 0.016580
0.018654 0.018950 -0.000260
-0.004346 -0.015762 -0.015491
0.027970 0.080391 -0.032708
0.000874 -0.036960 -0.020272
-0.022945 -0.005730 -0.032564
0.012913 -0.009336 0.009699
-0.019763 0.003088 -0.027653
0.053136 0.015720 -0.045684
-0.061716 -0.068608 0.003578
-0.025427 -0.027995 -0.018719
0.024287 -0.019307 -0.038881
-0.069691 -0.018887 -0.004026
-0.042681 -0.013404 0.020006
-0.015879 0.011997 0.020190
0.068422 0.031623 -0.076308
0.063191 0.012012 -0.067967
0.003479 -0.013170 -0.131642
0.048019 -0.004678 -0.023387
0.016413 -0.034842 -0.038353
-0.009048 -0.009209 -0.023102
-0.006127 0.058621 -0.004614
0.037182 -0.000147 -0.023478
-0.034704 0.019907 0.075654
0.008266 0.032271 -0.018689
-0.061330 -0.005241 -0.008044
-0.023139 -0.045971 -0.003795
-0.069263 -0.013545 -0.018826
-0.022342 -0.029491 -0.007539
-0.011459 -0.025539 0.003252
-0.042924 0.013175 0.005672
0.044188 -0.026482 -0.003434
0.019935 -0.045977 -0.007581
0.001542 0.001635 -0.039888
-0.071248 -0.028688 -0.059348
-0.011390 -0.043752 -0.018130
0.004499 -0.030823 -0.028938
0.006028 -0.037324 -0.015123
-0.026716 -0.028989 -0.002430
-0.000329 -0.001999 -0.031718
-0.040742 0.005936 -0.006315
-0.010992 0.032413 -0.033020
-0.064901 -0.059058 0.019988
-0.042458 0.006006 0.028298
0.031263 -0.060335 -0.003686
0.022316 0.018098 -0.011626
-0.049085 -0.018046 -0.015746
-0.000989 -0.005881 -0.002824
-0.025886 -0.016545 0.001157
0.012848 0.017224 0.021309
0.044002 -0.012831 0.002429
-0.005977 -0.017564 -0.043501
-0.038337 -0.040520 -0.016841
0.024909 -0.002963 -0.008548
0.027320 -0.004203 -0.006329
-0.006792 -0.002084 -0.012854
-0.015029 -0.003363 -0.000717
-0.017622 0.004426 -0.015334
0.012751 -0.021396 0.025532
-0.045516 -0.008082 0.027768
-0.046143 -0.018361 -0.009326
-0.011332 0.014599 -0.019664
-0.003359 0.008523 -0.002584
0.004268 -0.045172 0.008785
0.015363 0.005301 -0.027191
-0.049058 -0.032135 -0.007072
0.022447 -0.021235 -0.010966
0.002053 0.000466 -0.001139
0.006818 0.032836 -0.010297
0.004875 0.004214 -0.001276
0.011801 0.022591 -0.020912
-0.028881 -0.036636 -0.003992
-0.004698 -0.029222 0.004301
-0.004092 -0.010513 0.001789
0.027082 0.011535 0.004244
0.018700 0.004955 -0.011100
0.058543 0.020724 -0.140160
-0.006530 0.001638 0.000553
0.009237 -0.034665 -0.025927
0.028627 -0.068422 -0.003850
-0.011438 0.017714 -0.005649
0.000232 0.029601 -0.007516
0.015294 0.017772 -0.019724
0.045819 -0.016886 -0.018903
0.070115 -0.027431 0.010373
-0.054406 -0.017351 0.012563
-0.000677 0.012564 -0.024765
-0.025242 0.006420 -0.012647
0.018713 0.046748 -0.008666
0.027347 0.041260 -0.029112
0.012378 0.000692 0.001050
0.005909 -0.025162 0.013321
0.013624 -0.039421 -0.008720
-0.003860 -0.030902 -0.025808
-0.029096 0.005668 -0.016245
-0.019322 0.011223 -0.008048
-0.044133 -0.015679 0.030205
-0.025270 -0.003523 -0.059548
-0.001990 0.011118 -0.036648
-0.019413 -0.009593 0.001265
-0.014902 0.006901 -0.013449
0.034094 0.005385 -0.007848
0.026150 -0.009460 -0.007986
-0.016370 -0.041570 0.005690
0.000197 -0.014581 -0.011557
0.000652 -0.023855 -0.011821
-0.025211 0.001582 -0.011247
0.012378 -0.010844 -0.013247
0.013126 -0.016361 -0.016384
-0.015690 -0.011964 -0.001084
0.023945 -0.011232 -0.024066
-0.021514 -0.028700 0.057821
-0.018195 0.000594 -0.017947
-0.014460 -0.020884 0.044191
-0.008822 -0.013419 -0.004745
0.038353 0.016662 -0.018005
-0.011435 0.008677 -0.025465
0.004658 -0.018139 0.018974
0.060638 -0.016578 0.001378
0.020895 -0.009843 -0.046613
0.034126 0.020371 0.007107
-0.001731 -0.014387 -0.012497
0.031535 0.047379 -0.011318
-0.017861 0.006720 -0.012045
-0.038296 0.010840 -0.005591
0.023899 0.002522 -0.014005
-0.040287 -0.012675 -0.000106
0.002667 -0.015038 -0.020458
0.001306 -0.072733 -0.008861
-0.011848 -0.017638 -0.009941
0.013306 0.010363 0.011297
0.026659 -0.027122 0.006046
0.018272 0.005163 0.011482
0.024542 0.016085 0.014467
-0.064641 0.010491 -0.016596
-0.052356 0.004854 -0.024707
-0.021794 0.004811 -0.015215
0.030241 -0.022413 0.009619
-0.055101 -0.008627 0.012166
-0.016739 -0.081662 0.021114
-0.011852 -0.072248 -0.001308
0.015552 -0.009109 -0.006219
0.028737 -0.029421 -0.049455
0.031287 -0.043091 -0.013622
-0.017492 0.019528 -0.017285
-0.007734 0.006899 -0.005402
0.019531 -0.014574 0.003109
0.002532 0.021137 0.018837
-0.016429 0.019827 -0.027646
-0.004702 -0.009460 -0.022128
-0.044163 -0.005041 -0.038747
-0.034411 0.009453 -0.005165
-0.009600 -0.021259 -0.014743
-0.019468 0.002488 0.013397
-0.003972 0.033137 0.011545
-0.029074 0.005730 -0.015566
-0.051284 0.000261 -0.028647
0.006891 -0.036350 -0.018775
-0.015860 0.003425 -0.029455
0.026533 0.050632 -0.004846
0.011881 -0.018496 0.003247
-0.013043 0.017886 -0.007877
0.031218 -0.011527 -0.002532
-0.045099 0.011972 -0.018093
0.034433 -0.030023 0.007980
0.062337 -0.011394 0.018378
0.013115 0.009957 -0.001448
-0.012928 0.002330 -0.011007
0.063841 -0.025218 0.017326
-0.041277 -0.000480 -0.015271
-0.040557 -0.013464 -0.032733
-0.018592 0.017751 -0.035007
-0.021277 -0.012997 -0.035217
-0.016532 0.047865 -0.019412
0.008134 -0.010536 -0.013541
0.002468 -0.023420 0.009135
0.014053 -0.020409 0.011817
0.063910 -0.033179 0.000173
0.028788 0.002673 -0.048108
-0.028501 0.024114 -0.076787
-0.019519 0.057584 0.003150
-0.001990 0.071461 0.007137
-0.006451 -0.022712 -0.024157
-0.027618 -0.003631 -0.035296
0.040719 0.042058 -0.046178
0.025934 -0.003868 -0.014848
0.002450 -0.037458 -0.024669
-0.046562 0.032135 -0.014153
0.022541 0.038222 -0.011154
0.008665 -0.032721 -0.023825
-0.010064 0.022856 -0.005354
0.042087 0.008600 0.019119
0.037602 0.003056 -0.010872
-0.000250 -0.030521 0.010382
0.012827 -0.021874 0.004064
0.029095 0.018163 -0.007789
0.011926 -0.007641 0.001570
0.034834 0.057454 0.022283
0.052487 0.006684 -0.000538
0.048754 0.010670 -0.029243
0.004977 -0.021191 0.065508
-0.019218 -0.015281 -0.011360
-0.012542 -0.008914 -0.010339
0.029138 0.049683 -0.076199
-0.039840 0.012611 -0.036374
0.010524 -0.001029 0.035805
0.006289 0.036606 -0.002848
0.027915 0.034165 -0.003298
0.037036 -0.013487 0.003444
0.014612 0.000486 -0.031240
0.020758 -0.008217 0.003055
0.009053 -0.071030 0.014796
0.030159 0.020159 -0.009374
0.012806 -0.005974 -0.015532
-0.018701 -0.048485 -0.079228
-0.032070 0.010784 0.004824
0.007197 -0.011729 0.042329
0.029146 -0.036607 0.000772
0.019861 -0.024275 -0.021420
-0.017323 0.030352 -0.019517
0.021008 -0.044609 0.014922
0.023308 0.014444 -0.000289
0.002099 -0.050887 -0.007304
0.025697 -0.000895 -0.044113
0.014704 -0.037814 -0.002820
0.003301 -0.009381 0.019124
-0.007052 -0.043140 -0.003367
0.043660 -0.039552 -0.025407
-0.017196 -0.014471 -0.019589
-0.018586 -0.016271 -0.021832
-0.002689 -0.040033 -0.012679
0.006195 -0.011556 0.048438
0.053594 0.000559 0.030341
0.019362 -0.033873 -0.009051
0.009569 -0.024023 -0.014437
-0.054017 -0.039950 -0.001105
0.071610 0.000191 0.025014
0.013772 -0.079614 -0.020969
0.023883 -0.016604 -0.004865
-0.017096 -0.003564 0.000789
0.007530 0.066689 -0.041092
-0.035912 0.006269 -0.021747
0.001747 0.001662 -0.021237
0.038219 -0.042448 0.008600
0.001832 -0.053755 -0.016811
0.017152 0.045031 -0.026594
-0.030361 -0.033577 -0.002586
-0.017730 -0.008324 0.035081
0.009208 -0.006967 -0.013233
0.006468 -0.049540 -0.008328
-0.021409 0.008314 -0.008056
-0.057679 -0.058303 -0.073873
-0.023333 -0.012458 0.014314
0.034294 -0.007769 0.019830
0.000733 -0.017074 -0.011333
0.006060 -0.050435 -0.001192
0.016889 0.029882 0.000483
0.026905 0.010685 -0.038926
0.023501 -0.017460 -0.023082
0.000708 -0.022319 -0.043199
-0.060027 -0.008672 -0.041777
0.022704 -0.005887 0.024849
-0.000190 0.041349 0.000103
0.011214 0.002231 -0.008435
-0.016649 -0.040763 -0.014023
-0.010698 0.048217 -0.001333
-0.001797 -0.005665 0.016179
-0.020992 -0.012377 -0.034167
0.016043 0.020010 -0.002172
-0.030521 -0.003672 -0.011641
-0.005532 -0.052775 -0.012907
-0.017919 -0.012862 0.012633
0.036935 0.010420 -0.029881
-0.017045 -0.021078 -0.009226
0.014817 0.018962 -0.011192
0.032447 -0.006717 -0.007700
0.001497 0.045460 -0.036617
-0.006554 0.029755 -0.009420
0.018722 0.035153 0.004904
-0.007222 -0.005076 0.023774
0.048678 -0.017927 -0.020125
-0.029276 0.015639 -0.016587
0.010350 -0.041483 -0.013660
-0.005790 0.008181 0.042792
0.004028 0.023876 0.030964
-0.010607 -0.024115 -0.015032
0.002016 -0.010004 -0.027104
0.004926 0.005069 0.039003
-0.023550 -0.030418 -0.013887
-0.047120 0.008805 -0.016640
0.007914 0.036597 -0.014880
-0.002169 -0.009669 -0.038842
-0.025244 -0.023726 -0.016374
0.008645 0.029795 0.005885
0.000947 -0.012136 -0.026662
0.013167 0.004778 -0.001435
0.044507 0.015736 -0.016911
-0.063205 0.010660 -0.020902
-0.025275 0.019923 -0.022115
-0.007243 -0.024473 -0.028837
-0.008206 0.030016 -0.009371
0.010751 0.047037 0.002523
-0.013859 0.019996 -0.019861
0.005558 -0.003094 -0.015722
-0.015905 -0.008687 -0.005208
-0.006548 0.005984 -0.049233
-0.061946 -0.025659 0.016914
-0.034829 -0.005261 -0.008978
0.014328 0.015872 -0.016917
-0.079863 0.001975 -0.046235
0.024616 0.006598 0.005297
-0.032007 0.007723 -0.006772
0.007391 -0.011974 -0.017748
-0.037291 -0.020722 -0.019650
-0.017772 -0.026768 -0.033335
-0.002429 -0.004295 -0.057740
-0.016693 -0.018641 0.003712
-0.046395 -0.023900 -0.008993
-0.029667 0.003082 -0.024589
0.035984 0.004072 -0.036936
0.019561 -0.013750 0.015652
-0.020107 -0.014611 -0.008531
-0.061666 -0.017900 -0.018644
-0.079130 -0.017898 -0.009394
-0.010627 0.016176 -0.000100
-0.003625 -0.046779 -0.013859
0.011788 0.000929 -0.050348
0.007498 -0.035822 -0.007702
-0.049235 -0.049126 -0.008743
-0.022118 -0.028728 -0.034634
0.011759 -0.018175 -0.050356
0.046720 0.024411 -0.005739
-0.011951 -0.052185 -0.014028
-0.024987 -0.042668 -0.001515
-0.005599 -0.005671 -0.056573
-0.001002 -0.032205 -0.034898
0.040669 -0.005814 0.009635
-0.014520 -0.037591 -0.020978
-0.032253 -0.028468 -0.003656
-0.021871 -0.010841 -0.013626
0.006399 -0.037225 -0.000722
-0.005352 0.035471 0.001141
-0.034792 0.028325 -0.013447
-0.020045 -0.042978 -0.048435
-0.002185 -0.016180 0.007369
0.026954 0.009591 -0.044434
-0.008610 0.044356 -0.059155
-0.023447 -0.006448 -0.010126
0.001662 -0.022492 -0.047036
-0.010734 -0.041084 0.002968
0.018511 0.014657 -0.045022
-0.028332 -0.014884 0.005958
-0.001166 -0.015112 -0.006046
0.031474 0.037392 -0.044295
0.005291 -0.012108 -0.046032
0.012403 -0.004719 0.019143
0.016363 0.043462 -0.002127
0.050364 0.001657 -0.026051
0.024313 0.030058 -0.043126
0.026259 -0.011333 0.008038
0.003169 0.066486 -0.039232
0.015461 -0.018426 -0.027793
0.011694 -0.017550 -0.002889
0.023726 0.045749 0.002004
0.036520 0.044907 -0.003125
-0.046026 0.030940 -0.020397
-0.036140 0.010045 -0.027545
0.026853 0.029426 -0.030905
0.031789 0.074996 -0.062820
0.057373 0.090063 -0.042948
-0.024396 0.008006 -0.017025
-0.011138 0.023716 0.029788
-0.030288 -0.028534 -0.098515
-0.027043 -0.029124 -0.059820
0.019240 0.026516 -0.006658
-0.020281 0.023810 -0.004835
0.035221 0.054018 0.002098
-0.003810 0.033181 0.014944
0.021766 0.031057 0.009767
0.019922 0.037216 0.022198
0.013455 0.012044 -0.010728
0.015877 0.034028 0.000780
0.001136 -0.015432 -0.025408
-0.013859 0.036096 0.014173
0.056871 0.047483 0.005377
-0.006211 0.036965 0.001990
0.027018 -0.011473 -0.026055
0.035812 -0.006770 0.032313
0.007142 0.039601 -0.001797
0.019542 -0.006210 -0.014644
0.019320 0.039968 0.004052
-0.005257 -0.034990 -0.025009
-0.006229 -0.068918 -0.025328
0.002288 -0.007921 -0.024191
0.017939 0.054407 0.047464
-0.005522 -0.016095 -0.016206
0.053617 -0.014737 -0.003070
0.022300 0.034564 0.010896
-0.019445 0.027435 -0.018247
-0.031209 0.021109 -0.008079
-0.065937 -0.028913 -0.038151
0.028717 -0.038052 -0.027737
0.013416 0.011652 -0.022494
0.025925 0.041412 -0.011492
-0.001857 0.057547 0.047972
0.005861 -0.004025 0.002490
-0.014472 -0.002837 -0.010970
0.034314 0.011318 -0.012956
0.083324 -0.048565 -0.004819
0.002820 -0.012799 0.028934
-0.018570 0.003302 -0.029239
0.003432 0.019693 0.039957
-0.011013 -0.041292 -0.023962
0.010991 0.001550 -0.001598
-0.002491 -0.001449 -0.047041
0.043084 0.007126 0.010160
-0.003021 0.000157 0.014826
-0.028209 -0.004738 -0.014801
-0.034964 -0.003240 -0.047291
0.030355 0.019623 -0.019758
-0.020548 -0.015028 -0.011063
-0.007203 0.027579 0.010826
0.001471 -0.009499 -0.027556
-0.024260 -0.061842 -0.031302
-0.018541 0.001815 0.012809
0.004317 -0.012509 -0.017857
0.022191 0.030887 -0.010032
-0.015603 -0.017708 -0.019446
0.035370 0.011866 0.020055
-0.037218 0.027099 -0.031010
0.020546 0.045333 -0.043611
-0.028702 0.007306 0.010594
-0.016598 0.007898 -0.002103
0.029217 0.010806 0.006809
0.004206 0.047250 0.011203
-0.004692 -0.035176 -0.016090
0.026596 0.027822 -0.011998
-0.003860 -0.027711 -0.007795
-0.028506 -0.004863 -0.020618
-0.012589 0.005363 -0.023665
0.046050 -0.015415 -0.011665
0.018458 0.033843 -0.001713
-0.019148 0.048459 -0.002889
0.029297 0.064451 0.028873
-0.002972 0.006033 0.002413
0.022869 0.005331 -0.011013
0.014630 -0.017436 -0.006704
0.039001 0.056293 0.037209
0.021980 -0.011011 -0.061796
0.020174 0.004740 -0.039055
0.024967 -0.017316 0.021810
0.021660 0.037052 0.007896
-0.021683 0.019234 0.051415
0.016788 -0.008861 0.000339
0.007804 0.008570 -0.024545
0.027548 -0.037992 -0.011395
-0.013773 -0.014359 -0.011292
0.029063 0.026844 0.046398
-0.029945 -0.011770 -0.015016
0.004321 0.011947 -0.023375
-0.034783 0.029314 -0.038492
-0.002666 0.005079 -0.011311
-0.003678 -0.028931 -0.052756
0.035605 -0.042266 0.019797
0.034006 0.051044 -0.030257
0.024612 0.041459 0.009518
0.006902 0.000329 0.030333
0.013290 0.023695 0.025192
-0.017979 0.057145 0.006283
0.044370 0.018588 0.013121
0.006728 0.011354 -0.017598
-0.026230 -0.000799 -0.037397
-0.008901 0.001806 -0.044169
-0.018590 -0.007197 -0.027913
-0.012653 0.017680 0.001820
-0.010592 -0.009902 -0.038696
-0.001800 -0.073804 0.009126
-0.033962 -0.024514 -0.020983
-0.024866 0.000130 -0.036316
-0.012231 0.034902 -0.028444
-0.025927 -0.013105 0.003962
0.047868 0.007655 0.005898
0.005276 -0.015388 -0.043116
0.001703 -0.027459 0.001315
0.047113 -0.046854 0.017565
0.007418 -0.016512 -0.015276
-0.014402 -0.031643 0.021705
0.023353 0.019990 -0.009839
-0.030970 0.044753 -0.020862
-0.014189 0.023743 -0.022372
-0.052256 -0.002990 -0.064248
-0.007059 -0.028869 0.009738
-0.070400 0.000260 0.006819
0.008501 0.024757 -0.036036
-0.025035 0.030572 -0.024637
0.012373 0.003827 -0.024002
0.004407 0.013164 0.019591
-0.028764 0.006974 -0.017026
0.073919 -0.045825 -0.010314
0.006944 0.005715 0.041334
-0.000720 0.023114 0.007173
0.021594 0.013430 -0.017294
0.004319 -0.058926 0.000187
0.010316 0.028263 -0.024063
0.032962 0.013393 -0.004669
0.016074 0.036614 -0.021410
0.019105 0.005591 -0.009922
0.028851 0.007677 -0.023156
-0.006395 0.000721 0.022451
-0.000330 -0.014808 0.000380
-0.012795 -0.031851 0.002561
0.039683 -0.042805 0.026091
0.013878 -0.018744 -0.018376
-0.026172 -0.001880 -0.013932
-0.030413 -0.018940 -0.009986
0.023733 0.006717 -0.033255
-0.036365 -0.004898 -0.000775
0.042821 0.023243 -0.074814
-0.023166 -0.043824 -0.059524
-0.055609 -0.012025 -0.032656
-0.020673 0.000120 0.008990
-0.051682 -0.024345 -0.010748
-0.005165 0.013889 -0.013394
-0.032036 -0.017767 0.007246
0.003391 -0.010579 0.047658
0.004416 0.005163 -0.049331
0.033406 0.008952 -0.014939
-0.002239 -0.009420 0.019767
-0.021825 -0.001206 0.011941
-0.027552 -0.006315 0.002291
0.028913 0.026082 -0.029429
0.012799 0.018489 -0.023199
0.005270 0.017005 -0.006682
0.076599 0.026403 -0.093311
-0.004295 -0.007819 -0.016539
-0.023383 -0.023690 -0.066509
0.017618 0.028390 0.028291
-0.012106 0.044228 0.007586
-0.008902 0.000743 0.009823
-0.001007 -0.009252 0.017250
-0.007746 -0.005564 -0.016300
0.013012 -0.013354 -0.014815
0.022096 0.050627 -0.030223
0.030625 -0.009611 -0.012493
-0.022003 -0.040950 -0.014067
-0.000787 -0.000288 -0.009167
-0.023472 0.015017 0.049839
0.000567 0.000546 0.066924
0.037768 -0.015558 -0.028572
0.027444 0.012393 0.012891
-0.034917 0.007104 0.009454
0.013482 -0.005273 0.001921
0.041906 -0.011809 -0.001050
-0.005891 0.006527 -0.065797
0.007293 -0.008743 -0.058000
0.040207 0.035030 -0.000629
-0.039261 -0.015278 -0.005212
0.030339 0.012429 -0.011678
0.032712 -0.023760 0.013814
0.016756 0.007056 -0.003070
-0.016083 0.034063 -0.012811
0.021108 -0.014391 -0.043540
-0.042574 -0.018384 -0.058254
0.044559 -0.035785 -0.031717
-0.042491 0.033139 0.029383
-0.041658 0.019812 0.007387
-0.011141 -0.001294 -0.022580
0.055671 -0.015269 0.011396
0.007347 0.023905 -0.005579
-0.011540 -0.019893 -0.027379
0.037316 0.020105 -0.030914
0.017391 -0.013685 -0.042136
0.069480 0.054846 -0.091687
0.010764 0.016386 -0.007251
0.019556 0.017147 -0.004965
-0.005378 0.039894 -0.027783
-0.010037 0.015165 0.015465
0.017951 0.048389 0.015166
0.019629 0.014386 -0.009620
0.001034 -0.010570 0.002332
0.016852 -0.021900 0.037838
0.045494 0.047220 0.001889
0.013422 -0.018900 -0.010442
0.019205 -0.024583 0.064529
0.006353 -0.018322 0.004342
-0.012871 0.013550 -0.030371
0.017900 -0.034757 -0.046759
0.007445 0.040688 -0.010963
-0.005536 -0.005690 -0.051083
-0.005833 -0.028934 -0.075745
0.001310 -0.001069 -0.018953
0.065993 -0.037966 0.009160
0.041215 0.077127 -0.100581
-0.021877 -0.025654 -0.008316
-0.052111 0.025205 -0.026569
0.013673 0.050477 0.014867
-0.005274 0.019214 -0.017207
-0.010427 -0.024374 0.005107
0.014417 0.040195 0.001828
0.007433 -0.027429 0.034673
0.027578 0.059184 0.025529
-0.029840 0.002229 0.014026
0.004221 -0.010567 -0.024156
0.002737 -0.035712 -0.003579
0.030461 0.016180 -0.011934
-0.030007 0.016208 0.031332
0.027542 0.013857 -0.011568
-0.008067 -0.055068 -0.043233
-0.027268 -0.007559 0.019630
-0.018234 0.002197 0.007580
-0.005414 0.034890 0.021896
-0.008355 0.026674 -0.035920
-0.011966 -0.022919 -0.055488
-0.040507 -0.003353 -0.018291
-0.005429 0.025890 0.031984
-0.003850 0.000081 -0.025413
-0.005025 -0.009450 -0.002183
-0.031376 0.024582 0.001035
-0.010238 -0.015611 -0.026916
-0.007432 -0.007549 -0.010356
-0.020221 0.019674 0.034933
0.003043 0.014659 0.011007
-0.010130 0.031778 0.008426
0.002839 0.070895 0.033865
-0.006568 -0.047215 -0.041646
0.023526 -0.020549 0.023810
0.004089 0.021402 -0.042756
-0.012594 0.009641 -0.003547
-0.000135 0.056960 0.010026
-0.027511 0.033274 0.005183
0.001485 0.066946 -0.023633
0.010048 0.042751 0.006187
-0.009350 0.006505 -0.013491
0.011249 -0.047024 -0.036422
-0.005831 -0.008142 0.000555
-0.031633 0.011411 -0.038689
0.001122 -0.007863 -0.045806
0.022602 0.015239 0.004633
0.004251 0.031317 -0.016657
-0.040495 0.055744 -0.001770
-0.010486 0.033009 0.019694
-0.012055 0.026962 -0.009540
-0.008928 -0.010016 -0.002453
-0.023082 -0.033739 0.001650
0.010270 -0.014739 -0.013181
-0.002901 0.008241 -0.011843
-0.059077 0.011735 -0.022364
-0.000084 0.013991 0.005111
-0.055973 -0.002692 0.027717
-0.004663 -0.006285 0.015737
-0.015504 0.005974 0.006104
-0.024492 0.023073 0.004820
-0.023255 0.006057 -0.013575
-0.010924 0.015820 0.041480
-0.001873 -0.029981 -0.032631
-0.006955 -0.013946 0.002673
0.041715 0.022016 0.012325
-0.049895 0.008354 -0.000868
-0.018665 0.034243 0.004215
-0.010533 0.003050 0.039127
-0.039792 -0.038566 -0.002432
-0.026316 0.020626 0.018131
-0.045181 0.005144 0.020866
-0.012921 -0.014265 -0.021754
0.018139 -0.049980 -0.002337
0.064213 0.005744 -0.134519
-0.006942 0.000216 -0.003791
0.038489 0.026460 0.009425
-0.030373 -0.036115 0.029371
-0.010790 -0.011775 0.003987
0.002670 0.004427 0.011924
-0.007520 0.005063 -0.034433
0.006270 0.002550 -0.016665
-0.024256 0.040308 0.012841
0.005963 0.029675 0.046685
0.000573 -0.004652 0.062260
0.000684 -0.026204 0.076246
-0.013244 -0.004120 0.036249
-0.000619 -0.011122 0.033073
0.004774 -0.000895 -0.000433
-0.008930 0.013092 -0.015186
0.014809 0.040111 -0.004467
-0.012227 0.015448 0.017126
-0.010279 -0.055009 -0.047948
-0.010443 -0.038696 -0.043407
-0.013936 -0.050923 0.011855
-0.004716 0.010356 -0.003221
0.023584 -0.023706 -0.012534
-0.020182 0.030763 -0.012003
-0.066158 0.052698 -0.049297
-0.014398 -0.009475 0.017920
-0.023297 0.010067 0.043102
-0.013671 -0.035123 -0.002876
0.006317 0.002338 -0.013306
-0.021646 -0.000569 -0.025122
0.003666 -0.009671 -0.042436
-0.006155 -0.027048 -0.038392
0.002893 -0.017763 -0.008427
0.021163 0.017995 0.007175
0.027044 0.001954 0.011651
-0.006973 0.017844 0.082715
0.002990 -0.006152 0.012376
-0.014826 -0.006377 -0.022327
0.009927 0.000520 0.023868
-0.008919 -0.024838 -0.015388
0.010604 0.057769 -0.031020
0.024265 0.054821 -0.031379
-0.004844 -0.006252 -0.029089
0.022573 0.008621 -0.016165
0.023219 -0.023823 -0.001407
0.000184 0.006948 -0.030119
-0.023171 -0.062406 -0.027254
-0.035484 0.033906 -0.004960
-0.029128 -0.048779 0.008430
0.016149 -0.033110 0.019632
-0.050983 -0.039424 0.043059
-0.067584 -0.044920 0.055898
-0.008454 0.049159 0.011524
-0.038311 0.008638 0.002177
-0.013859 -0.025688 -0.023867
-0.043036 -0.001436 0.000891
-0.015139 0.008893 -0.040991
0.000427 0.039584 -0.011377
0.012114 0.000780 -0.018750
-0.026759 -0.015245 0.014111
-0.007061 0.017191 0.000857
-0.001267 -0.032816 -0.051583
-0.015760 0.002808 -0.025429
-0.029415 0.020352 -0.013360
-0.014428 0.052625 -0.029294
-0.046572 0.023969 0.005860
0.024697 0.042483 -0.048533
-0.024739 0.018554 -0.001097
-0.008780 0.002535 0.022468
0.039350 0.014520 -0.001456
0.015242 -0.016156 -0.020402
0.000046 -0.018084 0.063456
0.026588 0.024838 -0.013246
-0.045988 -0.013245 -0.018472
-0.034241 -0.012568 0.004543
0.016557 0.019671 0.009901
0.009011 0.013363 -0.031237
-0.033569 0.017392 -0.006042
-0.014940 0.004272 0.036568
-0.007808 0.006248 0.010404
0.016319 0.001564 0.073441
-0.033581 0.008389 0.004587
-0.008741 0.003493 -0.019135
-0.024207 0.015402 0.034913
-0.023234 0.066926 -0.030329
-0.000913 0.000382 0.057159
-0.024206 0.016662 0.066434
-0.024413 -0.007133 0.012411
-0.020571 0.001097 0.019389
-0.002238 -0.015601 -0.026033
0.020038 0.003651 0.008863
-0.033713 -0.004099 0.020843
0.022786 -0.000480 0.047458
-0.030478 -0.020672 0.018518
0.041335 0.034927 -0.020210
-0.019125 0.072414 -0.053650
0.014051 0.016976 -0.087698
0.007727 -0.018121 -0.027463
-0.005088 0.006861 -0.017521
0.001050 -0.010296 0.017570
-0.017809 -0.003250 -0.027170
-0.035647 -0.004692 -0.003908
-0.010618 -0.005874 0.049970
0.030484 0.005079 -0.028167
0.025890 -0.024870 0.045156
0.045366 -0.032207 0.045883
-0.001385 -0.005327 -0.001471
-0.015865 -0.003007 -0.010074
0.005400 -0.033099 0.009497
-0.058918 0.008783 -0.017530
-0.058774 0.019645 -0.023093
0.061876 -0.015493 -0.028767
-0.015494 0.036138 -0.007509
0.032982 0.052528 -0.022193
-0.015847 -0.018183 -0.002632
-0.047408 0.027954 -0.040546
0.003115 0.006876 0.035907
0.019296 -0.006256 0.025189
0.072241 -0.003209 0.025504
-0.012760 -0.026458 -0.020765
-0.010696 -0.034786 0.004869
-0.038093 0.007522 0.033122
-0.079844 -0.043729 0.014084
0.037184 0.051402 0.037155
0.029361 -0.052561 0.011348
0.006924 0.012255 -0.033381
-0.006178 -0.037579 -0.041718
-0.031612 -0.038147 -0.015666
-0.011379 0.005891 0.004360
-0.027881 -0.009751 -0.000943
-0.000443 -0.010567 0.031054
0.014842 -0.022534 0.013108
-0.004238 -0.019332 0.042285
0.050860 -0.034622 -0.013300
0.000323 -0.018871 0.052228
-0.001371 0.001007 0.036981
0.017675 -0.035053 -0.009715
0.047271 0.062957 -0.044467
0.006625 0.023622 -0.015017
0.037379 0.000607 0.004667
0.052897 -0.001729 -0.045459
0.008217 0.022099 -0.027894
-0.028722 0.006192 -0.039920
-0.021476 -0.016351 0.007550
-0.004564 0.016798 0.045791
-0.002232 0.011953 0.014534
-0.004941 0.025259 0.007002
0.004229 -0.018857 -0.014117
0.001608 -0.008782 -0.024596
-0.017553 -0.008180 -0.027098
0.001608 -0.011035 0.001804
0.031234 -0.020960 0.001374
0.065645 -0.018457 -0.006911
0.063433 0.032282 -0.006191
-0.009090 0.005483 -0.062725
-0.025095 -0.029068 -0.030273
0.027185 -0.008074 0.053399
0.000238 0.018433 0.012631
-0.004826 0.036146 0.007802
-0.058250 0.053722 -0.032557
-0.018387 0.005247 -0.048886
-0.013547 0.022892 0.010928
-0.032015 0.012491 -0.011341
-0.039100 -0.016587 -0.003327
0.008628 -0.009547 -0.001854
-0.016056 0.033582 0.000088
0.026958 -0.009317 0.025853
-0.058997 0.024811 -0.005502
-0.005029 0.031473 -0.028879
-0.008579 0.009282 -0.019318
-0.057955 -0.008738 -0.005332
-0.061710 -0.045805 -0.024563
-0.030485 0.012753 -0.053077
-0.039155 0.022895 0.005054
-0.013601 0.026131 -0.016167
-0.019492 -0.031854 0.042786
-0.018000 0.020267 -0.024502
-0.022570 0.000878 -0.010559
-0.024200 -0.004640 -0.003700
-0.015093 0.003032 0.004837
-0.007337 0.005139 -0.014630
0.006601 -0.005603 0.000617
-0.018750 -0.028064 0.016961
-0.016597 0.006687 -0.035466
0.034372 0.020218 0.022573
0.028879 0.002422 0.011900
0.025325 -0.002669 0.034389
-0.025153 0.009652 0.004862
-0.027224 -0.026167 0.008677
-0.011271 -0.007476 0.013075
-0.003985 -0.007535 -0.013647
-0.013156 0.001832 -0.007256
-0.045718 0.007924 -0.052355
0.005817 -0.020146 0.031185
-0.013482 0.015101 0.027331
-0.022931 0.023094 0.006666
-0.012367 -0.013267 -0.024155
0.002927 0.000934 -0.005032
-0.050426 0.028275 0.004466
-0.012579 -0.047589 -0.000209
-0.000922 -0.000305 0.009300
-0.045578 -0.021644 0.004979
-0.024936 -0.035781 -0.002959
0.009804 -0.015720 -0.024801
0.004138 -0.008300 -0.030949
0.011513 0.009203 -0.001064
0.023997 -0.044272 0.062065
0.013920 -0.025881 0.052848
-0.015992 0.078347 -0.028281
-0.022938 0.033945 0.003891
-0.038620 0.012969 0.024300
-0.025236 0.034198 -0.034117
-0.035537 -0.020188 -0.007100
0.015236 0.008390 -0.046906
0.024770 0.021568 -0.016841
-0.031333 0.015950 -0.013043
-0.045866 0.009965 -0.008503
0.004760 -0.016601 -0.024206
-0.062169 0.043636 -0.005432
-0.015642 -0.024197 -0.034023
-0.054127 0.019337 -0.036066
-0.022673 -0.030032 -0.008429
-0.003314 0.053137 0.017186
0.013022 -0.001072 0.011896
-0.029696 0.001288 -0.025822
0.012737 -0.011354 -0.022641
-0.025248 0.004933 -0.014523
-0.006267 -0.020963 -0.000095
-0.001060 0.021113 -0.033100
-0.045370 -0.029036 -0.062945
-0.005568 0.063252 -0.017213
0.032804 -0.041784 -0.032036
0.012806 0.009772 -0.032247
0.008977 0.003288 -0.021450
0.004079 -0.014448 0.036093
-0.027431 0.026310 -0.047764
-0.037233 0.022918 -0.024842
0.030046 -0.007429 -0.010362
-0.061719 0.019770 -0.012478
0.002723 -0.001477 0.010674
0.004605 0.009941 0.002361
-0.004677 -0.013835 0.029157
-0.023006 -0.037330 -0.022664
-0.065385 0.023395 -0.018815
0.026188 0.028628 -0.048921
-0.033323 0.031237 -0.035101
0.007456 0.039376 -0.055483
0.036309 0.035951 -0.059601
-0.020059 -0.043172 0.032008
0.002576 -0.024154 -0.014895
-0.029781 -0.032380 -0.016115
-0.014811 0.043690 0.007448
-0.027831 0.047908 -0.045269
0.030699 0.024916 -0.044393
0.061719 0.064448 -0.104605
0.016001 -0.016512 -0.033534
0.025860 -0.004948 -0.008455
-0.029098 -0.044470 -0.008106
0.032435 0.069388 -0.083528
-0.045658 0.078983 -0.007139
0.020887 -0.001767 0.010257
0.014552 0.096050 -0.065981
0.010213 0.045660 0.002566
0.000086 0.023250 -0.017018
0.034670 0.047736 -0.051889
-0.018706 -0.018186 0.019312
0.034433 0.025582 -0.022163
-0.003136 -0.015018 -0.003328
-0.060456 -0.012156 0.027812
-0.019095 0.017173 -0.000175
-0.046888 0.000234 0.047224
-0.005174 0.025151 0.036063
-0.006706 -0.001596 0.024544
-0.015483 -0.005983 0.032773
0.002453 -0.004347 0.004369
0.011155 0.053376 0.016598
0.025121 0.004559 0.034324
-0.000366 -0.005091 -0.020667
0.016211 -0.035852 -0.011368
0.021930 -0.050047 -0.012796
-0.035883 -0.007298 0.052272
0.002853 0.044073 0.023621
-0.007390 0.025515 0.026053
-0.005539 0.008168 0.027750
-0.003808 0.003057 0.001737
-0.008576 0.020245 -0.028344
-0.054526 -0.054316 -0.098812
0.030791 0.039129 -0.008564
0.018458 -0.023809 0.000921
-0.006351 0.043065 0.023378
-0.030388 -0.002784 0.012715
0.027336 0.016665 -0.004666
-0.011440 -0.032936 0.004591
0.049644 0.023489 0.038144
-0.037020 -0.040632 -0.010630
0.016929 0.003945 0.017966
-0.057015 0.015872 -0.014574
-0.003867 0.011357 0.023939
-0.045595 -0.032739 0.006914
-0.036262 0.018741 0.005005
-0.040353 0.010072 0.011965
-0.045754 -0.052232 -0.058450
-0.028675 -0.026856 -0.091156
0.020005 -0.006516 0.014963
0.015336 -0.023876 0.003873
0.022668 -0.018750 -0.012322
-0.033242 0.002031 0.020305
-0.029184 0.000425 0.024715
0.011188 0.014030 -0.021653
0.008738 0.016425 0.036754
0.008512 0.056518 0.015141
0.037781 -0.015603 -0.003634
-0.020208 0.001005 -0.000258
-0.004282 -0.026403 0.073181
-0.025215 -0.006852 0.027221
0.015057 -0.002271 -0.026678
-0.014417 0.014697 0.026998
0.022271 0.014246 0.044350
-0.035286 -0.012617 -0.001307
0.004426 0.044388 0.018642
0.023360 0.014824 0.035993
0.004171 -0.009776 0.027399
-0.015600 0.039767 0.010142
0.036920 0.049805 0.001616
0.030054 -0.003592 -0.004705
-0.000155 -0.016304 0.057987
-0.030957 0.012584 -0.017610
-0.010381 0.023642 0.019287
-0.017433 0.050572 -0.049949
0.009322 0.028623 0.002689
0.028202 0.050776 0.031767
-0.020389 -0.017326 0.033701
-0.023085 -0.016378 0.018426
-0.036622 0.016805 -0.017904
-0.005789 -0.005650 -0.018323
0.010713 0.037426 0.041509
-0.061116 0.001083 -0.015910
0.038376 -0.044006 0.034370
-0.009273 0.045863 -0.002083
-0.014053 0.012432 0.029554
-0.029807 -0.044592 -0.009472
-0.022520 0.033177 0.006757
-0.029574 0.053139 -0.003779
0.035400 -0.026250 0.066559
-0.042980 0.048615 0.010316
-0.000565 -0.027632 -0.009048
0.018345 0.026111 0.001072
0.008465 -0.001005 0.019587
-0.009111 0.018615 0.035603
-0.007456 -0.032710 -0.013455
-0.020977 -0.015280 0.024178
-0.025538 -0.001480 0.030008
0.046005 -0.018301 -0.056924
0.004551 0.003490 0.009612
0.016208 -0.028429 0.013904
-0.007093 -0.015477 0.027084
-0.062890 0.018209 -0.014500
-0.018691 -0.022602 0.050212
-0.025673 0.044224 -0.021722
-0.029631 0.020020 0.012928
0.001146 0.005103 0.038047
0.003387 -0.015265 -0.051170
-0.050965 -0.024626 0.005088
0.005227 0.042721 -0.003233
-0.011956 -0.020321 0.061204
0.010331 0.009352 0.008973
-0.012507 0.009861 0.001772
-0.075154 -0.005561 0.019254
0.006654 0.012368 0.057166
-0.013314 -0.005147 0.027414
-0.023345 0.003925 0.026455
-0.008789 0.021616 0.049391
-0.005833 0.001114 0.016894
0.048609 0.017624 -0.016945
-0.046947 0.063997 -0.001930
-0.011386 0.041600 -0.029006
-0.000913 0.041268 0.034266
-0.020041 -0.009377 -0.007545
0.020037 -0.046084 0.007239
-0.013208 -0.008565 0.001287
-0.009472 0.013474 -0.010654
-0.011888 -0.033377 -0.028631
-0.018675 -0.029734 0.063779
-0.013488 -0.042088 -0.014419
-0.023379 -0.034416 0.060897
-0.035254 -0.004609 0.021549
-0.012089 0.001790 0.015566
-0.005038 0.013119 0.029630
-0.006289 -0.051168 0.073037
0.004090 -0.017443 0.052910
-0.007645 0.006645 0.025860
-0.044387 0.014544 -0.030629
-0.063016 -0.003404 0.010054
-0.068137 -0.050257 -0.011527
-0.041592 0.021776 -0.018939
0.001339 0.044453 0.015855
-0.014018 -0.025766 -0.006944
-0.002572 -0.001009 -0.037958
-0.024957 -0.002629 0.023547
-0.065358 -0.010962 0.008600
-0.014417 0.019812 0.020754
0.018289 0.035776 0.031634
-0.038552 -0.006154 -0.045508
-0.000367 0.001711 0.011544
0.011428 0.015745 -0.122159
-0.006844 -0.035673 0.019054
-0.014727 0.011865 0.040543
-0.004598 0.016424 0.046653
0.018332 0.007123 0.004631
0.010923 -0.004149 -0.002059
-0.004448 0.004629 0.021519
-0.001405 -0.006810 -0.011946
-0.044385 -0.022557 0.040772
-0.037097 -0.045570 -0.002133
0.013859 -0.001842 -0.037757
0.017439 0.025135 0.000518
-0.046487 -0.016741 0.044206
0.033467 -0.062644 0.029288
-0.013871 0.014276 0.010694
-0.013490 0.009491 -0.005649
0.022246 0.010627 0.032267
0.003440 -0.006789 0.048028
0.006124 0.015824 0.022590
-0.019013 -0.034443 0.067011
-0.090978 0.009394 -0.025042
-0.015315 0.015847 -0.020908
-0.004816 0.026082 0.018198
0.014841 -0.016805 0.039135
0.003760 0.019267 0.044106
-0.016753 0.006787 0.036937
0.006074 -0.018036 0.027817
-0.029056 0.011216 0.005650
0.016304 0.019464 0.041287
-0.021162 0.018003 0.040547
-0.019162 -0.037548 0.014590
0.013527 -0.046566 0.044126
0.020410 0.007868 0.003152
-0.007350 0.000722 0.039357
0.008763 -0.022080 0.078311
-0.015309 0.007900 0.012120
-0.023510 0.000998 0.059524
0.015306 0.003572 0.035712
-0.005394 0.019898 0.013501
-0.032303 -0.040630 0.055549
-0.003734 0.014276 0.042919
-0.012831 0.039018 0.008388
0.031801 0.026539 -0.006651
0.008907 -0.016728 -0.031727
-0.006954 0.034566 -0.029157
0.056269 0.019537 0.056365
0.016646 -0.048346 -0.053256
-0.002732 0.007724 0.002318
0.032470 0.025723 0.015881
0.034575 0.008486 0.006037
0.024553 0.018323 -0.029788
0.003613 -0.069489 -0.081391
-0.058277 -0.059020 0.003484
0.002669 -0.014188 -0.019326
0.009658 -0.032370 -0.009346
-0.005841 0.054918 -0.032722
-0.059228 -0.054129 -0.003763
0.014937 -0.022809 0.030409
-0.034252 0.005200 0.032127
0.004304 -0.011322 -0.006459
-0.032837 0.033086 0.041730
-0.009508 -0.014556 -0.036819
0.028072 -0.014026 -0.009495
-0.017281 -0.037524 -0.031472
-0.024824 -0.000424 0.040023
-0.020949 -0.016157 0.044420
0.000699 0.018199 0.025008
-0.007365 0.040451 0.005912
0.014443 -0.010653 0.015730
-0.021356 0.069396 -0.014045
-0.012129 -0.044150 0.019733
-0.001024 -0.025434 -0.060606
-0.010236 0.044131 -0.026255
-0.007810 0.018974 0.005531
-0.003123 -0.032170 -0.049208
0.021732 0.014575 -0.009542
0.033032 -0.007555 0.021433
-0.013728 -0.022580 0.027805
-0.008200 0.030347 0.020589
0.003087 -0.031594 -0.047341
-0.015136 -0.017151 -0.065773
-0.034483 0.011739 0.001928
-0.008719 0.038228 0.004962
0.005701 -0.059754 0.024748
0.043084 0.079634 -0.020673
0.015801 -0.025367 -0.007234
-0.006611 -0.005975 0.048799
0.013949 0.023180 -0.015245
-0.014880 -0.009996 -0.036522
0.038204 -0.018869 -0.047791
-0.019556 0.034316 0.031739
0.030095 0.057527 0.003460
-0.008248 -0.003131 0.033856
0.022969 0.003826 0.016767
-0.051238 0.051934 -0.068691
-0.029435 0.023710 0.027770
-0.001727 0.012753 -0.024292
-0.012847 -0.006165 -0.020202
-0.017169 -0.000356 0.041110
-0.045546 0.056793 -0.017960
0.040563 0.029941 -0.013054
0.006178 0.016060 0.034963
-0.000100 0.030741 0.012230
0.004818 0.042627 0.005857
-0.021869 -0.006029 -0.028589
0.001210 0.025487 0.002475
-0.014473 -0.036651 -0.016468
0.014081 0.008407 0.032157
0.006565 -0.003039 0.011026
0.036748 0.009688 0.024072
0.030093 0.018344 -0.007950
-0.010271 -0.019993 -0.033264
0.024344 0.045971 -0.007606
0.023183 0.002119 0.023004
0.010801 0.032837 0.002578
0.001998 0.036128 0.011167
-0.024444 -0.021222 -0.043269
0.020897 0.038644 -0.007839
-0.053083 0.005748 -0.005101
-0.001829 0.006630 0.026110
0.009149 0.029263 0.019702
0.020216 0.037034 0.020070
-0.002371 -0.021335 -0.017707
0.018140 -0.008900 -0.036415
-0.035778 0.004364 -0.002550
0.032160 0.017765 0.017340
-0.006994 0.009070 0.058767
0.001639 0.026368 0.017495
0.011150 0.029563 0.008559
0.033372 0.007425 -0.002494
-0.022888 0.005226 -0.017370
0.007359 0.036350 0.024917
0.016002 -0.000283 0.004742
-0.026571 -0.010746 -0.010968
0.022673 -0.020727 -0.019650
0.009241 0.007026 0.035411
0.005539 -0.013858 0.029691
0.015164 0.035494 0.041687
-0.009996 -0.035987 -0.001511
-0.017429 -0.029371 -0.019116
0.005823 -0.005158 0.033751
0.009708 -0.003702 -0.009506
0.073622 0.025288 0.043683
0.036180 -0.000184 0.007364
0.024102 0.066004 -0.029200
0.012468 0.011105 0.016338
-0.015939 0.027753 0.016178
0.004078 0.006464 -0.043076
-0.005552 0.014044 -0.022418
0.020607 0.032281 0.008206
0.024128 0.025171 -0.016930
0.028042 0.021739 0.026974
-0.010801 0.061869 -0.039650
0.006576 -0.011281 -0.006624
0.003233 -0.016151 0.020078
-0.023523 0.035865 -0.039204
-0.016879 0.023638 -0.001507
0.007901 0.046840 -0.025568
0.003954 0.001730 0.008698
-0.006735 0.025997 0.045735
-0.011133 0.025416 0.061286
0.002666 0.058592 0.021406
0.019447 0.023669 -0.028266
-0.057771 -0.012032 -0.013540
0.005585 0.026771 0.007796
-0.019141 0.018859 0.046534
0.009660 0.051471 0.007123
-0.014260 -0.012712 0.020696
-0.001307 -0.013761 -0.050886
-0.002992 0.028171 0.055630
0.004546 0.011696 0.050408
-0.047138 -0.023044 0.031050
-0.035633 -0.035522 0.008059
0.002284 -0.058226 0.026726
-0.004493 0.067965 0.042048
0.025771 0.025814 -0.033151
-0.048968 0.026092 0.059667
0.032898 0.031936 0.033275
-0.001926 0.056594 -0.026610
0.008901 0.034443 -0.023730
-0.060743 0.006800 0.000143
0.009198 0.029897 -0.004174
0.015781 0.083184 -0.057142
-0.010420 0.071392 0.001277
0.028102 0.023897 0.024421
-0.032925 0.016688 -0.041604
-0.003304 0.061487 -0.018374
0.009390 0.004953 -0.000553
0.020088 0.044996 0.010198
0.001340 0.012067 -0.045780
-0.004530 0.033302 0.040017
0.003690 0.009645 -0.020896
0.035477 -0.005669 -0.071305
0.020304 -0.000237 -0.059639
0.014419 0.104775 -0.056072
-0.010818 0.018469 -0.030722
-0.036356 0.033745 0.009297
0.016528 -0.046861 0.069775
-0.037772 0.012531 -0.006825
-0.030400 0.022626 0.024918
0.054290 0.041459 0.004601
-0.013182 -0.002985 0.021523
0.037225 0.011741 0.034417
-0.017568 0.024460 0.005085
-0.036809 0.040428 -0.025848
0.021206 0.037886 0.027443
-0.011452 0.017744 -0.033114
0.034575 0.032765 0.008712
0.012471 -0.052596 0.011156
-0.001751 -0.016039 -0.011466
0.006246 -0.037193 0.010694
0.026440 0.028570 0.058804
0.015974 -0.052380 0.000752
-0.004329 -0.021015 -0.055318
0.026943 0.005773 0.093592
0.022069 0.016982 0.038381
-0.048837 0.026251 -0.012154
0.006746 0.012515 0.035262
0.010794 -0.015361 0.020202
0.034587 0.047504 -0.014240
-0.016672 0.010163 -0.002496
0.021328 -0.008515 -0.044858
0.011356 -0.014957 -0.010526
0.020620 0.083588 -0.072407
0.056730 0.022103 0.011945
-0.032320 -0.016756 -0.001172
-0.004596 -0.015302 -0.010142
-0.020586 0.056927 -0.026874
-0.048704 0.012959 0.005837
-0.010532 0.016451 0.043771
0.017013 -0.020875 0.014551
-0.005336 0.004146 -0.029753
0.030746 -0.018902 0.000478
-0.007538 0.012023 -0.022706
0.013743 0.014213 0.001963
-0.014440 0.019107 0.017866
-0.023876 0.021940 0.031791
-0.013135 0.018828 -0.015451
0.011163 0.023993 0.028273
-0.007741 0.015346 -0.045946
0.025261 0.017137 0.035995
-0.000245 -0.009682 0.007767
-0.003591 -0.016820 0.061543
-0.015619 -0.010516 -0.012485
-0.001154 0.026818 -0.011348
0.012027 0.031015 0.013537
0.022114 0.024030 0.015788
0.037152 -0.005166 -0.008882
-0.008290 0.025146 0.009523
0.027784 0.035744 0.007918
-0.003296 -0.008164 0.004505
-0.003910 0.003872 -0.006716
0.006289 0.028785 0.005860
0.005972 0.009903 -0.019209
0.004423 -0.018088 0.083731
0.053269 0.010293 0.047559
0.039524 -0.002067 -0.017346
0.010893 0.017522 0.030178
0.000926 -0.077149 0.029447
-0.009152 -0.043293 -0.001319
0.012321 0.018983 -0.036883
0.011076 -0.035065 0.005086
-0.025762 0.029113 0.026543
0.031931 0.005116 -0.063896
-0.021149 -0.003608 -0.018829
-0.007252 -0.005765 -0.008155
-0.014621 0.006700 -0.015908
-0.024126 0.006696 -0.009166
-0.049009 -0.021234 0.052548
-0.027966 0.030364 0.024172
-0.021631 0.002384 -0.022820
-0.028440 0.008665 -0.026262
-0.017106 0.013475 -0.012630
0.013947 0.025922 -0.004798
0.002052 0.027296 -0.022741
0.010632 0.035537 0.004320
0.046885 0.005403 -0.001592
0.026741 0.028318 0.040668
0.023633 0.041378 0.028223
0.035192 0.044459 0.007574
0.027558 0.046394 0.005300
0.041065 0.050546 -0.003737
0.036299 0.051674 0.013533
0.050736 0.004057 -0.012222
0.007718 0.017111 0.031302
-0.008486 0.015296 0.058029
0.007080 -0.008150 0.018640
0.029361 0.057192 0.007915
0.024100 0.059175 -0.008742
0.032591 -0.041523 0.037977
0.009254 0.026180 -0.005422
-0.019806 0.009200 -0.015876
0.033837 0.031706 -0.015514
-0.029062 0.056519 -0.030474
0.009482 -0.021405 0.018093
-0.009127 0.002870 -0.030115
-0.031909 0.031898 -0.014445
0.018697 0.012341 0.034573
0.010169 0.077147 -0.063498
-0.011216 0.027212 0.008980
-0.036339 0.018241 0.001909
0.019451 -0.026979 0.077249
0.039835 -0.035782 -0.004937
0.074254 -0.010087 0.046207
0.056909 0.001119 0.013915
0.051351 -0.017941 0.036103
0.024686 0.013434 0.025409
0.030262 0.031709 -0.021394
-0.011033 0.016913 0.044755
0.013477 0.010054 0.007493
-0.024168 0.020548 0.000646
0.011483 0.001448 -0.013744
0.029267 0.031669 -0.003215
-0.021207 -0.010091 -0.002627
0.034617 -0.040524 -0.002174
0.027315 0.023543 0.002899
0.008427 0.008759 -0.014294
0.019214 0.045099 0.028226
-0.017149 0.014480 0.013677
0.014010 -0.002484 0.002348
0.032116 0.028214 0.011017
0.024459 -0.025424 0.037917
-0.065812 -0.029419 0.025059
0.021538 -0.003088 -0.058129
-0.006891 0.041541 -0.017872
-0.009930 0.036673 -0.033582
0.029629 0.053408 0.005826
0.010103 0.028695 0.003011
-0.008325 -0.033785 0.015683
0.028518 0.100595 -0.067969
0.023366 -0.009084 0.020041
-0.005101 0.007095 0.015429
0.038224 -0.005928 0.035190
-0.010776 -0.014125 -0.001834
0.031270 0.012882 -0.021013
-0.034449 -0.007298 0.001512
0.051887 0.013798 0.017810
0.062409 -0.036028 -0.018885
0.027793 0.015872 0.006015
0.002573 0.010394 0.001194
0.036367 -0.021089 -0.020305
0.000106 0.049091 0.008908
0.048286 -0.005454 0.028786
-0.004990 0.016274 -0.023965
0.009780 0.033682 0.034724
-0.003539 0.039630 0.014132
0.014443 -0.001077 -0.054226
-0.019711 0.026227 -0.012453
0.041290 -0.017786 0.009474
0.026675 0.023068 0.029230
-0.021529 0.028393 0.048988
-0.027865 -0.034217 0.008941
0.011213 0.011120 -0.003836
0.011452 0.022896 -0.022937
0.053667 0.022113 -0.049863
0.011884 -0.071829 -0.003213
0.041355 -0.013449 0.041712
0.028625 -0.026886 -0.031001
0.056556 -0.027769 -0.027828
0.015250 0.008046 -0.025457
0.017663 0.026783 -0.000001
-0.006495 -0.018703 -0.024888
-0.012611 0.011128 0.013194
0.038425 -0.047524 0.042665
0.029236 -0.033470 0.006854
0.031850 0.008865 -0.005174
-0.027889 0.019659 -0.022839
-0.034468 0.003518 -0.006954
0.064871 -0.025442 -0.031798
0.025796 0.005978 -0.027555
-0.028511 -0.023739 0.037829
-0.004570 -0.046659 0.006504
0.030517 -0.063868 -0.009394
-0.068222 0.040510 0.016360
0.003155 -0.020274 -0.002997
0.040318 -0.047241 -0.021311
0.019514 0.013101 0.028944
0.015949 -0.024621 0.038328
-0.000453 0.034692 -0.009464
0.020695 0.027230 -0.015104
-0.043389 -0.026157 0.017954
-0.030943 0.007045 -0.015688
-0.013384 -0.032589 -0.013965
-0.013388 0.057950 -0.009403
0.025856 0.020648 0.042624
-0.004799 -0.027728 -0.012802
0.022038 -0.012213 -0.007008
-0.004487 0.021019 -0.017652
0.032447 0.059920 -0.056212
0.030286 -0.005047 -0.034302
-0.007357 -0.019290 0.004985
0.040778 -0.044398 -0.011335
-0.000701 -0.063156 -0.046349
0.011394 0.027419 -0.014441
0.008996 0.006084 0.008829
-0.017683 0.035465 -0.007050
0.006141 0.009512 0.016205
0.010847 -0.049301 -0.008369
0.005375 -0.010690 -0.022137
0.021724 0.042948 0.005027
0.025499 0.004011 -0.007039
0.006516 -0.027632 -0.033608
0.005975 -0.066835 -0.037752
0.076835 0.009459 0.001287
-0.015109 0.021940 -0.037125
0.047263 -0.038083 -0.009808
0.037425 -0.004558 0.017476
-0.016572 -0.006244 0.022985
0.008447 0.013807 -0.022829
0.009772 0.005650 -0.060120
0.023363 -0.054304 0.051016
0.034246 0.033099 0.024244
0.041261 -0.007077 -0.003125
0.002205 0.006066 0.008152
0.057667 0.057037 0.028552
-0.002306 -0.025873 0.009911
0.028782 -0.024718 -0.027839
0.028543 -0.025147 0.001054
-0.056784 0.020385 -0.036154
0.043101 0.042019 -0.009281
0.033926 0.020240 0.027829
0.000711 -0.014400 -0.014639
-0.011567 0.003742 -0.026326
0.044151 -0.021666 -0.010981
0.019188 0.017376 -0.022365
0.008116 -0.036559 -0.001223
0.027651 0.027732 -0.009813
0.025097 0.008782 0.012328
0.020257 -0.005899 0.036520
0.030513 0.006053 -0.002114
-0.010776 -0.010066 0.034022
0.021184 0.057183 0.007102
0.052405 -0.039021 -0.013889
-0.016954 0.012794 -0.007150
0.078978 -0.004459 -0.033185
-0.012622 -0.003696 -0.027309
-0.003853 0.000966 0.018969
0.018720 0.012695 0.042779
0.038398 -0.057489 -0.001996
-0.033401 -0.003854 0.001806
0.033683 0.018824 0.014807
0.011108 -0.012346 0.005837
-0.029291 -0.017403 -0.022995
-0.025652 -0.011758 0.012832
0.028655 -0.014900 0.014168
0.030333 -0.023278 0.017974
0.019867 -0.002388 0.007383
-0.015612 -0.027919 0.043429
0.008233 -0.009597 -0.019570
0.006259 0.016972 -0.015417
-0.023897 -0.055740 -0.017003
-0.024458 0.025117 0.011520
0.029333 0.021934 -0.041945
-0.006371 0.029841 -0.004992
-0.058006 -0.043495 -0.005652
0.006021 -0.027899 0.048843
-0.051459 -0.042843 0.006726
0.000072 -0.026861 0.010199
-0.044775 0.020222 0.000405
0.013582 -0.017427 0.006261
-0.017897 -0.015550 -0.026006
-0.008144 -0.023926 -0.031657
0.020053 0.004784 -0.034644
0.008630 -0.022332 -0.028786
-0.002702 -0.003553 -0.015541
-0.039062 -0.054004 0.010684
-0.027730 -0.004726 0.006273
0.048826 0.007105 -0.008272
0.011847 0.005831 -0.004073
0.023317 -0.003337 -0.008565
0.009737 0.036389 -0.017644
-0.049381 0.016603 0.000922
-0.025601 -0.054613 0.031613
0.029843 -0.004120 -0.001094
-0.023250 -0.015070 0.010858
0.002196 -0.023735 0.003198
0.012330 0.005613 0.036744
-0.003514 -0.022635 0.004616
0.024267 -0.009024 -0.002104
-0.049765 0.006294 -0.016406
0.016912 0.008480 -0.030052
0.008001 0.012396 0.003491
0.076469 -0.038112 -0.012281
0.027711 0.011648 0.014735
0.011986 -0.017597 -0.017111
0.026794 0.020257 0.000161
-0.031718 -0.019655 0.002754
0.026477 0.032280 0.011874
0.000287 -0.019868 0.046824
-0.034535 -0.010362 0.022635
-0.051357 0.008824 -0.020313
0.018332 -0.000755 -0.014483
0.032840 0.017226 -0.025620
0.020752 -0.022789 0.004042
0.044144 0.006830 0.004209
0.020042 0.039585 -0.010951
0.004608 -0.024413 0.006721
0.003888 0.000674 0.011839
0.018490 0.003008 -0.033728
-0.007092 -0.013850 -0.029458
0.033836 -0.006200 -0.008186
-0.016242 -0.000119 0.020773
-0.010643 -0.014525 -0.008813
-0.014805 0.002831 -0.023560
-0.044445 -0.022314 -0.000964
-0.011234 0.020343 0.004992
0.030926 0.030420 -0.015611
-0.023453 -0.031668 0.049636
-0.019826 0.016487 0.043143
-0.030454 0.016735 0.008305
-0.036507 0.014353 -0.016168
0.025478 0.051609 0.028539
-0.009595 -0.021093 -0.004168
-0.016775 -0.022319 0.027848
-0.040279 -0.037764 -0.003098
-0.006401 -0.003760 0.029046
-0.000148 0.028197 -0.017920
-0.016939 -0.003202 -0.008965
0.022731 0.038505 0.011076
-0.002771 0.050982 0.030975
-0.011433 0.009398 0.018424
-0.023114 -0.035584 0.009103
-0.011395 -0.004651 0.052316
-0.015017 0.007174 -0.004186
-0.022639 -0.002923 0.028905
0.021367 0.018443 0.031211
0.002580 0.016530 0.016411
0.030863 -0.028170 0.046244
0.032417 -0.065646 -0.023492
-0.023129 -0.003865 0.016797
0.008303 0.012117 0.029215
0.037800 0.016044 -0.058075
0.007180 0.001510 0.010935
0.042583 -0.004019 -0.006155
0.034124 -0.023322 0.025784
-0.048142 -0.019835 0.030790
0.019254 -0.012656 0.012368
0.061520 -0.009014 0.004777
-0.031494 -0.017148 0.000450
0.071595 0.055424 -0.085765
-0.045825 -0.021803 -0.040025
-0.040917 0.037817 -0.036295
-0.000374 -0.075919 -0.046209
-0.038844 -0.019847 -0.008695
-0.016294 0.009947 0.043822
0.072518 -0.029036 -0.013492
0.018824 0.004406 0.038168
0.009068 -0.016313 0.036320
-0.014220 -0.023790 -0.003051
0.047193 0.016333 -0.014305
0.019646 -0.011043 0.003243
0.003599 -0.020020 0.020755
-0.021679 -0.017668 0.003507
0.035709 -0.011089 0.000983
-0.011197 -0.017378 0.025201
0.072989 0.046393 0.019423
0.056838 -0.030367 0.032345
0.023161 0.032168 -0.016158
0.000950 0.017978 0.005518
-0.007409 -0.000543 -0.000406
0.019300 -0.009966 -0.009464
0.054458 0.023585 -0.017601
0.025639 0.050381 0.000119
0.045316 0.001779 -0.029621
0.021694 -0.013119 0.032707
0.038679 0.014776 -0.014529
0.014915 -0.020756 0.031585
-0.000542 0.015085 0.039243
0.007666 -0.019424 -0.015790
0.006696 -0.041478 -0.034267
-0.024740 0.013527 0.007255
0.018980 -0.022664 0.007367
0.004286 0.016972 -0.010699
0.037927 0.025555 -0.007134
-0.010260 -0.013919 0.007782
-0.009859 0.017633 0.001522
0.001593 -0.015811 0.039798
0.026024 0.050670 -0.030914
0.026290 0.022197 -0.019692
-0.004728 -0.050622 0.009614
0.006879 0.031512 0.012113
0.045973 0.019927 0.008732
0.050273 0.001455 -0.017991
0.072897 -0.012929 -0.048454
-0.033211 0.026167 0.048270
0.035413 -0.049220 0.011602
0.059331 0.042037 -0.086297
-0.005811 0.002643 0.028912
-0.002583 0.043139 0.054760
0.020695 0.032577 0.024029
0.032866 0.011610 -0.007293
-0.016209 -0.024365 0.025169
0.023963 -0.020836 -0.001215
0.008713 -0.016965 0.022120
0.010174 -0.010396 0.005280
0.014607 -0.015976 -0.006314
-0.025741 0.019406 0.006502
0.018270 0.020218 0.016002
0.003239 -0.034330 -0.055433
0.017390 0.008524 -0.011499
-0.010166 0.000042 0.020084
0.034414 -0.033428 0.001307
0.016155 0.029634 -0.008088
0.029491 0.000180 0.003409
-0.050999 -0.031707 -0.082623
0.044456 0.031854 -0.020673
0.018946 0.017709 -0.005789
0.017674 -0.035118 0.039874
-0.002104 -0.010051 0.051487
-0.035035 -0.016795 0.036448
0.010987 0.048710 0.012931
-0.021390 -0.019992 -0.013775
-0.023083 -0.025609 0.034912
0.007508 -0.009301 0.015902
-0.025264 -0.022482 0.068870
0.001069 0.004553 -0.009536
0.004570 -0.022032 -0.019938
-0.017744 -0.002757 0.006215
-0.025855 0.008421 0.052108
-0.002220 -0.026553 0.026729
-0.040256 -0.001074 0.028463
-0.002722 -0.032605 0.033453
0.005073 -0.018406 -0.002947
-0.017301 0.011313 0.006459
0.018584 0.010494 -0.013135
0.023302 -0.035436 -0.035341
-0.011557 0.018958 -0.010196
-0.011198 0.012221 0.041723
0.009668 -0.061214 -0.030307
-0.034320 0.025906 0.025189
0.047605 -0.006833 0.016419
0.004014 0.018754 -0.004504
0.004096 -0.001223 -0.023034
-0.002362 -0.005978 -0.034077
-0.005863 0.013260 -0.023525
-0.018165 -0.016990 0.006206
0.042096 -0.061345 -0.016484
0.013335 -0.002054 -0.009231
0.012865 -0.008739 0.028893
0.040002 0.040068 -0.067058
-0.000459 0.042062 0.033705
0.025928 -0.018072 -0.007611
0.034204 0.022879 0.001894
-0.002576 -0.013252 -0.013523
0.033256 0.031184 -0.018458
-0.021363 0.016719 -0.011196
0.074726 0.000903 0.042461
0.035182 -0.018128 0.001574
0.013262 -0.021058 -0.007910
0.022580 -0.007950 0.015067
0.050277 0.024901 -0.022165
-0.022804 0.002046 0.016388
-0.012666 -0.008772 -0.010337
0.035900 0.019855 0.004485
0.009268 -0.015102 0.021903
0.033453 0.006883 -0.005157
0.014390 -0.038394 0.003690
-0.015266 -0.001840 0.000918
-0.027640 -0.016799 0.008153
-0.037869 -0.002370 -0.000000
0.008953 -0.021276 -0.037425
0.018539 0.030816 0.005504
0.028262 0.059339 0.015965
0.027051 -0.011006 -0.006517
0.005052 -0.035332 0.032494
-0.025351 -0.004756 0.044089
0.038650 -0.040061 -0.044687
0.063767 0.005444 -0.000789
0.019373 -0.021346 0.044046
0.006526 -0.027135 -0.011722
0.011635 -0.007460 0.052162
0.009681 -0.032668 0.023413
0.043294 0.016416 0.004456
0.045455 -0.051520 0.015144
-0.032934 0.011807 0.001130
0.072691 0.020512 0.006505
0.017934 -0.010895 0.001261
-0.017385 -0.036629 0.036230
0.036103 -0.036038 0.018396
-0.035927 -0.017814 0.002981
-0.006063 0.000929 0.024541
-0.011691 0.031277 0.023894
-0.074697 -0.059907 0.024506
0.014478 0.021383 -0.002747
0.023166 0.028073 0.015116
0.036561 -0.004382 -0.021788
0.011378 -0.009474 0.007788
-0.020829 -0.004189 0.036011
-0.007539 -0.042586 0.004525
-0.023777 0.010425 -0.015326
-0.007239 0.004499 0.016376
0.012256 0.037554 0.016126
0.019675 0.004574 -0.014699
-0.012153 -0.024852 -0.034753
-0.009358 -0.013059 0.014388
-0.001488 -0.009410 0.003005
-0.008230 -0.052974 -0.009982
0.011436 -0.002834 0.006397
0.023956 -0.019600 0.013138
-0.030651 -0.012464 0.038581
0.041333 0.017854 -0.030552
0.021959 -0.001791 0.011799
0.019101 0.000155 0.015368
0.031390 -0.002845 0.007540
0.013397 -0.003173 -0.017430
0.038528 -0.033695 0.029291
0.041934 0.051910 -0.063943
0.005528 -0.011704 -0.014771
0.001858 -0.018678 0.002173
0.030218 0.009071 0.012049
-0.040164 0.009704 -0.032068
0.023045 -0.003855 0.022309
0.020253 0.032525 -0.000201
-0.014532 -0.043582 -0.030478
0.006120 0.017343 0.011910
-0.000657 0.044967 0.045092
-0.015213 0.005466 0.035311
-0.019826 0.026945 0.031803
0.002805 0.054214 0.042022
-0.007882 0.014907 0.049200
0.019513 -0.046393 0.010689
0.015866 -0.000237 -0.007501
-0.005095 -0.025286 0.011507
0.008035 -0.017426 -0.009253
-0.000323 0.023392 0.003933
0.012424 0.002494 0.045077
0.029342 -0.028670 0.057450
-0.050469 -0.038771 0.002919
0.044449 0.003287 0.046399
0.032500 0.012998 -0.033812
-0.004161 -0.021558 -0.034462
0.000290 -0.000683 0.022222
0.064275 0.069147 -0.086750
0.001276 0.008595 0.030228
-0.001513 0.051791 0.005260
0.010797 0.039852 -0.012823
-0.003716 -0.018743 0.008873
-0.006554 0.030762 -0.002824
0.031543 0.041007 -0.002868
0.001169 -0.035535 -0.006485
0.024993 0.035029 -0.021370
-0.011172 0.022554 0.000630
0.017360 -0.014624 0.000692
0.019543 -0.017015 0.031793
0.022647 -0.020175 0.014081
-0.014792 -0.014827 0.013832
-0.006289 0.003066 -0.018052
0.010679 -0.002403 0.020296
0.011210 0.008128 0.039954
0.011414 -0.009127 -0.012398
0.012765 0.016840 0.033504
0.053514 0.013730 0.026441
-0.015617 -0.022100 0.015121
-0.010413 -0.047115 -0.003184
0.040932 -0.006902 -0.018037
0.017400 0.008012 0.018166
0.000897 0.032434 0.018607
0.025713 0.026168 0.020717
0.007976 0.024350 0.015778
0.016757 -0.020615 -0.002335
0.011586 0.007949 0.056707
0.031670 -0.049708 -0.040803
0.010133 -0.028126 -0.003360
-0.022249 -0.012473 -0.006148
-0.043555 0.005185 0.038000
-0.001568 0.066483 0.004504
-0.037149 0.000233 0.056384
0.005293 -0.029967 -0.005112
0.008092 -0.000436 -0.000362
0.031956 -0.015867 -0.048510
-0.014672 -0.001639 -0.008064
-0.028407 -0.023806 0.020617
-0.024620 -0.017548 0.030365
-0.009612 -0.016334 -0.026903
0.015618 0.025738 0.045155
0.025033 -0.031451 0.027142
-0.007117 -0.005130 0.018616
-0.010196 -0.016250 0.002793
0.054393 -0.001144 0.012803
0.030103 0.006549 0.008007
0.031210 -0.010604 0.016506
-0.005571 -0.053170 0.051400
0.036022 -0.042926 0.028370
0.033615 0.018530 0.003852
-0.003430 -0.014167 0.046834
0.023272 0.024761 0.032030
-0.016637 0.001546 0.032759
-0.033613 -0.031948 -0.001257
0.011546 0.026907 -0.033837
0.008123 0.019639 0.034580
-0.001392 -0.005682 0.082071
-0.025560 -0.011867 0.018942
-0.000684 -0.044813 0.039367
-0.061177 0.019382 0.049149
0.000127 -0.002502 0.020911
-0.022080 0.002704 0.007721
0.031302 0.054667 -0.006877
0.023245 -0.022911 0.027935
0.005644 -0.009348 0.043808
0.007670 -0.025099 0.033565
-0.031669 -0.015920 0.015663
-0.023560 -0.006501 -0.020013
-0.008726 -0.010423 0.049326
0.036998 -0.002476 -0.023654
0.047443 -0.005220 -0.043737
0.023098 -0.003478 -0.002481
-0.009033 0.016587 -0.003543
0.012051 0.022493 -0.012003
-0.005868 -0.049108 -0.045750
0.046741 -0.040143 -0.000752
0.064145 0.000383 0.005669
0.013656 0.016983 -0.003651
-0.001132 -0.032257 -0.024476
-0.053170 -0.055104 -0.015530
-0.000527 0.002319 -0.004223
-0.007610 -0.007488 -0.006718
-0.020784 -0.001420 0.031335
0.003061 0.016374 0.025683
0.020739 -0.030032 -0.007008
0.015916 0.054170 -0.011649
0.018001 0.016252 -0.048787
0.033824 -0.015852 -0.037234
-0.011953 0.000246 0.023255
-0.057730 0.022010 0.067747
-0.024340 0.010308 -0.043269
0.034509 0.019561 -0.042937
0.028904 -0.043102 -0.040809
0.024869 0.012179 0.011711
0.047211 -0.019884 0.000600
0.035612 0.043406 0.013955
0.010487 -0.023674 -0.078542
-0.012910 0.003512 -0.054562
-0.017540 0.010368 0.010622
0.044576 -0.003491 0.020703
0.047224 -0.028098 -0.007206
-0.037288 -0.000051 -0.030099
-0.011395 -0.014487 0.001765
0.011405 0.029256 0.014375
0.006621 -0.014895 0.026460
0.027625 0.000036 0.002424
-0.013136 0.049070 0.006474
-0.015718 0.028089 -0.007209
-0.000803 -0.007116 0.000432
-0.014835 0.026632 0.009091
0.014178 0.050959 -0.007474
-0.013596 -0.007884 0.021312
0.006670 -0.002203 0.037266
0.008407 0.047289 0.061875
0.018448 0.004712 0.036799
0.016356 0.005296 0.001963
0.024781 0.035059 -0.000942
-0.018943 0.045238 0.025330
-0.020620 0.003461 0.012261
0.007646 0.005884 0.063122
0.033447 0.049566 0.037897
0.012954 0.006248 0.054464
0.021597 -0.037238 0.070388
0.050702 -0.021983 0.018533
-0.006442 -0.025669 0.015584
0.052816 0.001713 -0.047309
-0.017349 0.014038 0.045398
0.011925 -0.035549 0.053101
0.029820 -0.086992 -0.016931
-0.004199 -0.007479 0.039376
0.022379 -0.026418 0.080335
-0.000586 -0.004685 0.036082
0.012735 -0.012778 0.036923
0.001998 0.014787 0.004721
0.065033 -0.008218 -0.014062
0.011605 -0.054460 -0.023955
0.012598 -0.007947 -0.013390
-0.018562 -0.015583 -0.006459
0.031788 0.017669 -0.008398
-0.003879 0.012090 -0.014906
-0.004302 -0.047682 0.006036
-0.037656 -0.019979 -0.002460
-0.006312 -0.018881 0.038222
0.035760 -0.024360 0.023473
0.046207 0.022074 0.000854
0.021615 0.037088 0.023415
0.040514 0.000825 0.019617
0.005100 0.043489 0.048313
0.006028 -0.025930 -0.019052
-0.002783 0.000087 0.019311
0.032769 0.024992 0.046974
-0.040971 -0.016231 -0.029389
-0.018565 0.024775 -0.000592
0.012759 -0.040238 0.009811
-0.020960 -0.023474 0.027107
-0.006859 0.031954 0.005190
0.002727 0.017379 0.005656
0.020871 -0.009106 0.001215
0.008073 0.001650 0.038807
0.018350 0.002881 0.022137
0.003592 -0.011315 0.022756
0.019281 0.023810 0.037688
0.011143 0.007298 0.000826
-0.006697 -0.008762 -0.001864
0.032406 0.047173 -0.044224
0.017426 -0.030664 -0.009679
-0.032043 0.045103 0.013702
0.017635 -0.036203 0.016896
0.005607 -0.030165 0.000739
0.013924 -0.012970 0.015044
-0.004115 -0.017938 -0.002499
-0.011611 -0.020970 -0.009460
0.023518 -0.019945 -0.010034
-0.009498 0.004164 0.015167
-0.035545 0.055896 -0.006389
-0.035255 0.011178 0.019104
-0.017475 -0.007430 -0.007618
-0.005474 0.015582 0.013832
-0.014887 -0.014498 0.011654
-0.009642 0.008569 0.039289
0.044586 0.044168 0.033227
0.012878 0.029357 0.034868
-0.025722 -0.021342 -0.027773
-0.000067 0.029657 0.020601
-0.005776 0.019697 0.003238
0.012287 0.042891 0.007692
-0.029698 -0.012325 0.003898
-0.039098 -0.004969 0.006314
0.002185 0.067344 -0.005059
-0.005852 0.004351 0.003408
0.012459 -0.048581 0.012274
-0.031120 -0.030118 -0.028350
-0.041875 -0.022268 -0.012248
-0.014650 0.017379 0.041743
-0.007074 0.029267 0.034116
-0.000394 0.061954 0.004821
-0.054025 -0.036155 -0.014053
-0.055332 0.001346 0.008740
0.039752 0.017832 0.029598
-0.019869 -0.011778 0.028446
0.026832 0.047823 0.009982
-0.004072 0.030342 -0.003950
-0.012942 -0.021295 0.003707
-0.030845 -0.003933 -0.016548
-0.006569 -0.008479 -0.000022
-0.028343 -0.012820 -0.009788
0.054705 0.011304 -0.031847
0.022499 -0.027230 0.000217
-0.007833 0.032011 0.002793
-0.014702 0.025180 -0.003028
-0.036362 0.039505 -0.003209
-0.013796 0.003896 0.000260
0.007916 0.024268 0.014713
0.006502 -0.015032 -0.002429
0.035400 -0.022282 -0.030645
0.010383 -0.046725 0.017105
-0.010102 -0.005382 0.001245
0.025476 -0.020644 -0.036782
-0.037104 -0.025791 0.018529
-0.017510 0.021781 0.016552
-0.014540 -0.008494 0.005486
0.001182 0.022966 0.038745
-0.022350 -0.026105 -0.023708
-0.011142 -0.011411 0.041848
-0.027948 -0.040071 0.006320
0.019026 0.014902 -0.019347
-0.001332 -0.024048 -0.006512
-0.001788 0.040961 -0.013630
-0.017613 0.000050 0.025673
0.025798 -0.004404 -0.030847
-0.033689 -0.017817 -0.000287
0.040550 0.043020 0.011277
0.023384 0.060611 -0.014665
-0.018141 -0.030293 0.019348
-0.014301 -0.016034 -0.020201
-0.033010 -0.024719 0.002766
0.001498 0.045198 0.032514
0.015310 0.028561 -0.006036
0.045564 -0.015547 0.061480
-0.066754 0.023498 0.008349
0.009598 0.025939 0.017679
-0.036379 0.006885 0.033609
-0.006334 0.018372 0.020933
-0.038852 -0.021748 0.043646
0.008637 0.023701 0.015314
-0.023872 0.014606 0.011595
0.010286 -0.007319 -0.058005
-0.025031 0.021160 0.006484
0.024564 -0.013141 -0.031247
0.015922 -0.045221 -0.015901
-0.023068 0.008754 0.022923
0.005621 0.017708 0.031460
0.005784 0.036507 -0.033889
-0.019003 -0.009302 -0.027275
0.019693 0.031511 0.003287
-0.018228 -0.000762 -0.028482
0.028033 0.000556 -0.033021
-0.020210 0.014023 0.017683
0.013618 -0.000632 0.017540
-0.022352 0.005402 0.020876
0.003173 0.039133 0.000901
0.014896 -0.013187 -0.025365
0.046172 -0.015244 -0.005697
0.036468 -0.017201 0.058342
0.018715 0.019514 -0.035679
0.031991 0.022453 0.002022
0.040485 0.021978 -0.001013
-0.021322 -0.032765 0.021555
0.002733 0.028833 -0.008516
0.002944 0.030326 -0.007260
0.031140 0.055758 0.000403
0.034649 -0.020140 0.032932
-0.002130 -0.022448 -0.032157
0.039380 -0.004566 0.053412
-0.011738 -0.006914 -0.009750
-0.031775 0.032198 -0.008916
0.037407 0.013380 0.015594
0.038720 0.045682 0.044255
0.009426 -0.002867 0.024319
-0.030508 -0.032554 0.004734
0.000304 0.020018 0.027448
0.007752 0.039167 0.015384
-0.004066 -0.067633 -0.046589
-0.041481 -0.029507 0.029488
0.001020 -0.018535 -0.044070
0.021700 0.030824 -0.010684
-0.021428 -0.015525 0.041507
0.002475 0.061293 0.021502
0.004443 0.006811 0.018260
-0.014085 -0.045847 0.015250
-0.018252 0.000215 0.020607
-0.006777 -0.008798 -0.017189
0.024195 -0.023713 -0.006602
0.001217 0.024306 -0.052262
0.006866 -0.046797 -0.067916
-0.002915 -0.025480 -0.065662
-0.000421 -0.001711 -0.005033
-0.006569 -0.012764 0.030683
-0.011044 0.002174 -0.028467
0.041983 0.010482 -0.007832
0.032556 -0.021609 -0.021442
-0.025014 0.024825 -0.005233
0.034373 -0.019457 -0.055874
0.017176 0.003008 -0.024227
0.010238 -0.010881 0.046065
-0.035506 0.004580 0.014721
0.014481 -0.006870 0.025785
0.000584 -0.005539 0.028456
-0.010436 -0.007031 0.013606
0.029178 0.049273 -0.029588
-0.029770 0.027427 -0.041194
-0.005334 0.015755 0.021537
-0.013748 0.011133 0.012965
-0.003705 0.016902 0.041093
0.015163 0.028786 -0.046741
0.023843 0.030316 -0.034092
-0.025945 0.014841 -0.010372
0.028900 -0.025722 0.011826
0.013263 -0.019343 -0.004740
0.023707 0.024117 -0.048339
0.031420 -0.025820 -0.073178
0.022629 -0.004698 -0.009769
0.001058 0.006413 0.022742
0.042270 -0.021341 0.050034
-0.000811 -0.001435 0.011507
0.009607 -0.023457 0.028530
0.016495 0.032982 -0.037140
-0.012072 0.016620 -0.019526
0.016737 -0.009759 -0.008881
0.021480 -0.018008 -0.012628
0.027274 0.008085 -0.003438
-0.000936 0.024451 0.026521
-0.008779 -0.014338 0.005862
-0.005969 -0.021567 -0.008856
0.025134 0.001221 -0.036658
-0.033813 0.015671 -0.009981
-0.036104 0.017194 0.024809
0.011737 0.034314 0.011935
-0.010301 -0.001379 -0.015768
0.015873 -0.011726 0.012785
-0.004973 0.001532 0.009526
-0.005283 0.009632 0.007638
-0.023869 -0.016128 0.015472
-0.024251 -0.033411 0.000108
-0.007776 0.048840 0.015064
-0.000854 -0.010513 -0.005511
-0.000228 -0.007775 0.040263
0.020605 0.014235 -0.006979
0.011379 0.029312 0.003063
0.025315 -0.007360 -0.046825
0.011487 0.041491 0.034857
-0.014934 0.014290 -0.012538
-0.044997 0.010416 0.005507
0.003976 -0.017049 -0.007341
-0.050197 -0.057230 0.008555
0.046936 0.032422 0.010787
-0.009668 0.046423 0.004877
0.008643 0.042928 -0.035411
0.002324 0.016276 0.010197
0.011105 0.020965 0.025989
-0.002812 -0.034061 0.009552
0.007815 -0.001983 -0.054090
-0.042993 0.003663 -0.019799
0.004399 0.027643 0.034871
0.025234 -0.005562 -0.029481
0.026628 -0.011085 0.050775
-0.010752 0.007624 -0.011093
0.000911 0.016595 0.013214
0.003835 -0.029516 -0.031691
-0.043599 -0.041270 0.004754
0.040012 0.007969 -0.051353
-0.012777 -0.007515 0.000094
-0.009385 0.009848 -0.014426
-0.009549 0.005993 -0.010638
0.004816 0.010574 -0.000802
-0.009811 0.036101 0.012701
-0.000779 0.014499 0.013356
-0.045610 -0.017076 0.025017
-0.036340 -0.034532 0.025995
0.012058 -0.034682 -0.011353
0.001978 0.013233 0.001435
0.001234 0.021743 -0.010103
0.034585 0.019766 -0.011237
0.017227 0.004111 0.019107
-0.028528 -0.027827 0.012888
-0.033860 0.014058 0.022878
0.021176 -0.013418 -0.015446
0.017391 0.010702 -0.014926
-0.020268 -0.032583 0.007468
-0.008157 0.026292 -0.006279
0.002843 0.028872 0.011319
0.023131 -0.025564 -0.025107
0.001376 0.009046 0.010658
-0.024025 0.013912 0.016111
0.000993 0.013525 0.002784
0.005408 0.014652 0.022470
-0.048920 -0.006672 0.001601
0.029645 0.011001 0.034177
0.013318 -0.001908 -0.008106
-0.036969 0.003436 0.003647
-0.011246 0.033581 0.004318
0.021555 -0.025823 -0.011214
-0.014794 0.009112 0.016015
0.018221 -0.001783 0.023619
-0.074142 -0.056558 0.012372
0.008615 0.016139 0.017957
0.010143 0.061642 0.000836
-0.041238 0.000851 0.036196
-0.011305 0.005297 0.004606
0.026178 0.043794 -0.022465
-0.038647 0.016354 -0.011773
-0.005683 0.024987 0.009423
0.023279 -0.031632 -0.005728
0.012294 0.036686 0.001003
0.026979 -0.017762 0.013176
0.027277 0.019301 0.047642
-0.012620 0.010892 0.008328
0.004485 0.049549 0.010545
0.006378 0.004009 0.017190
0.022051 -0.024186 0.003997
0.014006 -0.001335 0.008368
0.029204 0.013143 -0.017894
0.028139 0.013569 0.095085
0.005752 0.003098 -0.013781
0.010419 0.008762 -0.021206
-0.002561 0.003786 0.023646
0.001210 0.005190 -0.010944
0.035697 -0.003175 -0.018954
-0.010141 -0.004959 -0.000438
0.021751 -0.046623 -0.003391
0.028322 0.010753 0.006558
-0.008373 0.005497 0.007526
-0.009896 0.016009 0.021243
0.015965 0.023397 0.004222
0.006945 0.019304 -0.016185
0.021576 0.038700 -0.006146
-0.023196 0.017167 0.007149
-0.025874 -0.004261 0.018265
0.012432 -0.034431 0.030656
0.020991 0.023949 -0.002410
0.011577 0.002956 0.000554
0.010072 0.017681 0.006608
0.000567 -0.034253 0.030712
0.009201 0.034059 0.028780
0.019854 0.011306 0.026709
-0.003341 0.004069 -0.016706
0.018190 0.010383 -0.030771
0.002457 0.033280 0.011312
0.015931 0.049090 0.022669
-0.007363 -0.033207 -0.009884
-0.001791 0.009028 0.007540
-0.056215 0.019634 0.048779
0.000396 0.012288 -0.004475
0.008386 -0.012475 0.018787
-0.064332 -0.006625 0.010243
0.007062 -0.021369 0.019231
-0.023774 -0.036026 -0.010941
0.024583 -0.038992 0.044157
-0.024368 -0.037732 -0.012475
0.023099 -0.005347 0.009378
-0.016326 0.019290 0.001234
0.002976 0.010685 0.038829
-0.023497 0.015421 -0.020686
0.004264 0.008383 0.007098
-0.012958 0.001334 0.016899
-0.016535 0.029281 0.027586
0.015829 -0.037772 0.044001
0.012249 -0.010102 -0.023497
-0.007535 0.030561 0.004370
0.011676 0.014753 -0.015038
0.000918 -0.009546 0.014915
0.005313 -0.023796 0.022617
-0.019097 0.001954 0.025447
0.010135 -0.019609 0.032325
-0.039144 -0.004144 0.027708
0.019410 -0.005710 0.002293
-0.015192 0.007248 0.027385
-0.050607 -0.067523 -0.004584
0.041861 0.002764 -0.024584
-0.008512 -0.010647 0.001416
-0.017183 0.018608 -0.016170
-0.011583 0.017586 0.038708
-0.004081 0.010881 0.003331
0.042442 0.043817 0.021728
0.011211 -0.031371 0.003961
0.046128 0.000431 -0.056316
0.018416 -0.015445 0.014830
-0.003885 0.006325 0.014108
0.007188 0.021829 0.031354
-0.004184 -0.014410 0.022773
-0.034393 0.003500 0.012825
-0.043445 -0.035395 0.022988
0.010809 0.000914 -0.046022
-0.027880 -0.014334 0.009829
0.001892 -0.005578 0.028852
-0.015295 0.019566 0.021067
0.024040 -0.013851 0.040792
0.029752 -0.022279 0.030275
-0.009598 0.002018 0.026259
0.000212 -0.025327 -0.001474
0.003510 0.027843 0.019172
-0.002959 0.004720 0.024241
0.009547 -0.002835 0.054913
-0.009372 0.005634 0.046966
0.000104 -0.000422 -0.002706
-0.012110 -0.006188 -0.002190
-0.013446 0.012166 -0.004365
0.022633 -0.007875 0.014529
0.006042 0.018193 0.005755
0.014243 -0.015677 0.011332
-0.000955 -0.007229 0.051049
0.000779 0.008483 0.042031
0.024905 0.007693 0.024121
-0.040456 -0.039925 -0.002816
0.015778 -0.021142 0.001538
0.003567 -0.002720 0.042308
0.011384 0.010534 -0.011216
0.006686 -0.008139 0.021507
0.015956 -0.024790 0.003917
-0.010582 0.069389 0.003537
-0.025353 0.012094 0.047567
-0.016748 -0.051193 -0.068940
0.020741 -0.006992 0.009170
0.011982 0.013827 0.013795
-0.019257 -0.043334 0.010262
-0.027188 -0.009353 -0.007603
0.027965 -0.012649 0.040927
0.036047 -0.014051 -0.037046
0.021750 0.012110 0.025835
0.060012 0.000167 -0.068818
0.023765 -0.063928 0.000243
0.022721 0.016358 0.049172
-0.011413 0.020755 -0.033301
0.003001 -0.015403 0.002417
-0.015289 -0.030925 0.002379
0.042028 0.044958 -0.003644
-0.005496 -0.003744 0.006660
0.035186 0.006794 0.032899
0.001307 0.023678 0.022072
0.034549 0.013771 0.031103
0.028819 0.002391 0.027443
-0.020545 0.016361 -0.031571
0.033188 0.044877 0.006828
-0.003108 -0.011880 0.002958
0.017820 -0.004822 0.023416
0.009915 0.027548 0.002398
-0.006406 -0.025778 0.009004
-0.003294 -0.021442 0.005390
0.032191 -0.006962 0.017560
-0.003674 -0.001257 -0.001515
-0.012635 0.022584 -0.004261
0.016912 0.011310 0.018872
0.020322 0.006491 0.025120
0.012339 0.036430 -0.003327
-0.009119 -0.004799 -0.011122
-0.018957 -0.030430 -0.017839
0.009694 0.030216 -0.013602
0.008968 0.004691 0.005870
-0.019026 -0.029432 0.019174
0.004992 -0.037157 0.020878
-0.020651 0.001807 -0.012755
0.029699 -0.014911 0.003358
0.062013 0.017022 -0.024589
0.021760 0.000793 0.015246
0.019752 0.001708 0.035731
-0.000065 -0.013568 0.045897
-0.020662 -0.010084 0.049404
-0.009723 0.000843 0.012428
-0.076597 -0.016577 0.004626
0.028662 -0.001711 0.045735
-0.009010 -0.023256 0.018504
0.016098 0.022546 0.000142
-0.043437 -0.064430 -0.028656
-0.033012 -0.016452 0.032124
-0.004864 0.026337 -0.001236
-0.000673 0.024128 0.023705
0.000691 0.006593 0.040957
0.016903 0.039888 0.027056
0.025644 0.032236 0.023701
0.005476 0.011043 0.024843
-0.015825 0.025009 0.019127
0.007102 -0.017262 -0.002774
0.010238 0.013485 0.000636
0.001202 0.018974 0.015524
-0.015843 0.022467 -0.002778
-0.041974 -0.024396 -0.017928
-0.037127 -0.006399 -0.001857
0.042474 0.052815 -0.059489
0.034775 0.008434 -0.019467
0.014514 -0.039025 0.025052
-0.022320 0.002891 0.015477
0.018103 0.020854 0.032908
0.029703 -0.001845 -0.009870
-0.017641 0.005253 0.050281
0.021358 0.069734 0.015608
-0.042269 0.001020 -0.009537
-0.015649 -0.003105 0.032000
0.017225 0.023709 0.004262
-0.026478 -0.019741 0.014343
0.035964 0.007557 0.018204
0.024506 0.034560 0.010138
0.051635 -0.021308 -0.005694
-0.001424 -0.010355 0.010148
0.015397 0.019098 -0.022799
0.020403 -0.019676 0.017190
-0.015077 0.024321 -0.008710
-0.040578 -0.016489 -0.000283
0.023434 0.023005 0.021445
0.008652 0.023806 -0.015391
-0.009338 0.027870 -0.023015
0.014691 -0.037101 0.008629
0.017186 -0.048977 -0.016456
0.009564 -0.021580 0.048579
0.011541 -0.007241 -0.002832
-0.012318 0.011991 -0.017507
-0.002382 -0.028398 -0.039335
-0.042161 -0.021167 -0.007111
0.041102 0.012025 -0.018493
0.041432 0.019838 -0.004643
-0.016951 0.030513 0.019379
-0.012951 -0.017037 0.025298
0.021272 -0.026246 0.063883
0.041440 0.049707 0.025414
0.031513 0.085874 0.027657
0.005908 0.012382 -0.037239
-0.014902 0.017858 -0.010058
-0.037000 0.007586 0.042673
0.023004 -0.041025 0.032846
0.013830 -0.056243 -0.043296
-0.037528 0.023611 0.031100
0.048312 0.012816 -0.073467
0.005424 0.015100 0.022587
0.014834 0.032880 0.008031
0.003667 -0.002459 0.043793
-0.013843 -0.002186 0.045782
0.034708 -0.038709 0.048052
0.030974 0.023306 -0.000575
0.001393 0.035455 -0.032935
0.019441 0.034027 -0.012196
0.033139 0.009500 0.056494
0.009950 -0.005951 0.046980
0.013087 0.017630 0.025831
-0.000620 0.010095 0.026589
-0.019608 0.002905 0.037992
-0.051817 -0.022688 0.022076
-0.041339 0.036823 0.013504
0.030512 0.040484 0.008242
-0.026165 -0.020504 -0.038930
0.048798 -0.035243 0.042597
-0.004039 0.024981 -0.012044
-0.010540 -0.008276 0.053915
-0.031194 -0.009625 -0.034657
0.046887 -0.033195 -0.026184
-0.037881 -0.015659 0.067273
-0.021698 -0.023647 0.062668
0.006509 -0.024524 -0.019599
-0.008227 0.019350 -0.008568
-0.022471 -0.026099 -0.039079
0.029402 0.005054 -0.012895
-0.063340 0.012676 0.025066
0.038649 -0.012993 0.047874
0.002067 -0.060649 0.080953
-0.015265 0.028425 -0.012832
-0.010341 -0.019363 -0.008515
0.065125 -0.029591 0.049783
-0.009056 0.010625 0.019641
-0.027954 0.026231 0.006341
0.007396 0.021316 0.004346
-0.017229 -0.060047 0.086327
0.015584 -0.003343 0.039678
0.028550 0.020565 -0.027272
-0.021749 0.020154 -0.013976
-0.038557 0.039875 -0.004783
0.034141 0.003822 -0.034853
-0.010444 0.024169 -0.042929
-0.004275 0.017299 0.023971
-0.063024 0.012263 0.025989
0.068020 -0.009780 -0.000526
0.030297 -0.014241 0.059504
-0.034940 -0.006529 -0.017184
-0.035858 0.019260 0.013035
0.021985 0.005958 0.024924
0.012237 0.011589 -0.019344
0.016209 0.022970 -0.004107
-0.009547 -0.008549 0.004581
-0.027383 0.033214 0.022700
0.048676 0.021494 0.046338
-0.002355 0.051899 0.013002
0.001380 0.043372 -0.007374
0.011373 -0.026632 0.091359
0.009042 -0.009379 0.020241
-0.015424 -0.000615 -0.029087
0.087826 0.039128 0.058703
-0.023373 0.000712 -0.001185
0.016941 0.005622 -0.051723
-0.031107 -0.036689 -0.002373
0.026672 0.011793 0.037085
-0.038185 -0.039572 -0.013474
0.002974 0.038705 -0.031559
-0.043641 0.003440 -0.013394
-0.029444 0.009557 -0.006687
0.003504 0.016112 0.011304
0.013654 0.000031 0.025950
-0.013571 -0.038962 -0.002916
0.002283 0.045682 -0.011413
-0.006979 0.000994 0.012452
-0.018141 -0.020700 -0.005474
-0.007081 0.057501 -0.055014
0.007790 0.002404 0.023874
0.020989 0.037039 -0.010450
0.034952 0.056625 -0.018289
-0.058180 0.011370 -0.053177
